time_merge_log,odom_pos_x,odom_pos_y,odom_pos_z,odom_ori_x,odom_ori_y,odom_ori_z,odom_ori_w,odom_linear_x,odom_linear_y,odom_linear_z,odom_angular_x,odom_angular_y,odom_angular_z,odom_jarak_cm,odom_heading_deg,odom_timestamp,tf_pos_x,tf_pos_y,tf_pos_z,tf_timestamp,tf_source_frame,tf_target_frame,interval_s,elapsed_time_s
1754048065.2329028,0.0,0.0,0.0,0.0,0.0,0.0,1.0,0.0,0.0,0.0,0.0,0.0,0.0,0.0,0.0,1754048065.1583772,nan,nan,nan,nan,,,nan,0.07548379898071289
1754048065.2695549,0.0,0.0,0.0,0.0,0.0,0.0,1.0,0.0,0.0,0.0,0.0,0.0,0.0,0.0,0.0,1754048065.259208,0.0,0.0,0.0,1754048065.2208588,odom,base_link,0.0366520881652832,0.1121358871459961
1754048065.3202102,0.0,0.0,0.0,0.0,0.0,0.0,1.0,0.0,0.0,0.0,0.0,0.0,0.0,0.0,0.0,1754048065.2959719,0.02002435772751979,-0.00860428337306855,0.0,1754048065.2833652,map,base_link,0.050655364990234375,0.16279125213623047
1754048065.369616,0.0,0.0,0.0,0.0,0.0,0.0,1.0,0.0,0.0,0.0,0.0,0.0,0.0,0.0,0.0,1754048065.3584406,0.02002435772751979,-0.00860428337306855,0.0,1754048065.3584406,map,base_link,0.049405813217163086,0.21219706535339355
1754048065.422106,0.0,0.0,0.0,0.0,0.0,0.0,1.0,0.0,0.0,0.0,0.0,0.0,0.0,0.0,0.0,1754048065.395884,0.02002435772751979,-0.00860428337306855,0.0,1754048065.395884,map,base_link,0.0524899959564209,0.26468706130981445
1754048065.4692051,0.0,0.0,0.0,0.0,0.0,0.0,1.0,0.0,0.0,0.0,0.0,0.0,0.0,0.0,0.0,1754048065.4584253,0.02002435772751979,-0.00860428337306855,0.0,1754048065.4584253,map,base_link,0.04709911346435547,0.3117861747741699
1754048065.5240946,0.0,0.0,0.0,0.0,0.0,0.0,1.0,0.0,0.0,0.0,0.0,0.0,0.0,0.0,0.0,1754048065.4959273,0.02002435772751979,-0.00860428337306855,0.0,1754048065.4959273,map,base_link,0.05488944053649902,0.36667561531066895
1754048065.5987623,0.0,0.0,0.0,0.0,0.0,0.0,1.0,0.0,0.0,0.0,0.0,0.0,0.0,0.0,0.0,1754048065.5210505,0.02002435772751979,-0.00860428337306855,0.0,1754048065.5210505,map,base_link,0.07466769218444824,0.4413433074951172
1754048065.6307557,0.0,0.0,0.0,0.0,0.0,0.0,1.0,0.0,0.0,0.0,0.0,0.0,0.0,0.0,0.0,1754048065.5833805,0.02002435772751979,-0.00860428337306855,0.0,1754048065.5458248,map,base_link,0.03199338912963867,0.47333669662475586
1754048065.6742651,0.0,0.0,0.0,0.0,0.0,0.0,1.0,0.0,0.0,0.0,0.0,0.0,0.0,0.0,0.0,1754048065.6584651,0.02002435772751979,-0.00860428337306855,0.0,1754048065.6209722,map,base_link,0.043509483337402344,0.5168461799621582
1754048065.7264497,0.0,0.0,0.0,0.0,0.0,0.0,1.0,0.0,0.0,0.0,0.0,0.0,0.0,0.0,0.0,1754048065.695917,0.02002435772751979,-0.00860428337306855,0.0,1754048065.6584651,map,base_link,0.0521845817565918,0.56903076171875
1754048065.7791889,0.0,0.0,0.0,0.0,0.0,0.0,1.0,0.0,0.0,0.0,0.0,0.0,0.0,0.0,0.0,1754048065.7584758,0.02002435772751979,-0.00860428337306855,0.0,1754048065.746106,map,base_link,0.05273914337158203,0.621769905090332
1754048065.8273654,0.0,0.0,0.0,0.0,0.0,0.0,1.0,0.0,0.0,0.0,0.0,0.0,0.0,0.0,0.0,1754048065.7959294,0.02002435772751979,-0.00860428337306855,0.0,1754048065.7959294,map,base_link,0.04817652702331543,0.6699464321136475
1754048065.8704984,0.0,0.0,0.0,0.0,0.0,0.0,1.0,0.0,0.0,0.0,0.0,0.0,0.0,0.0,0.0,1754048065.8585489,0.02002435772751979,-0.00860428337306855,0.0,1754048065.8352842,map,base_link,0.04313302040100098,0.7130794525146484
1754048065.927824,0.0,0.0,0.0,0.0,0.0,0.0,1.0,0.0,0.0,0.0,0.0,0.0,0.0,0.0,0.0,1754048065.8959358,0.02002435772751979,-0.00860428337306855,0.0,1754048065.8959358,map,base_link,0.05732560157775879,0.7704050540924072
1754048065.9693537,0.0,0.0,0.0,0.0,0.0,0.0,1.0,0.0,0.0,0.0,0.0,0.0,0.0,0.0,0.0,1754048065.9586332,0.02002435772751979,-0.00860428337306855,0.0,1754048065.9586332,map,base_link,0.04152965545654297,0.8119347095489502
1754048066.020841,0.0,0.0,0.0,0.0,0.0,0.0,1.0,0.0,0.0,0.0,0.0,0.0,0.0,0.0,0.0,1754048066.003578,0.02002435772751979,-0.00860428337306855,0.0,1754048066.003578,map,base_link,0.05148720741271973,0.8634219169616699
1754048066.0763826,0.0,0.0,0.0,0.0,0.0,0.0,1.0,0.0,0.0,0.0,0.0,0.0,0.0,0.0,0.0,1754048066.0584826,0.02002435772751979,-0.00860428337306855,0.0,1754048066.0458958,map,base_link,0.0555417537689209,0.9189636707305908
1754048066.1195629,0.0,0.0,0.0,0.0,0.0,0.0,1.0,0.0,0.0,0.0,0.0,0.0,0.0,0.0,0.0,1754048066.0959256,0.02002435772751979,-0.00860428337306855,0.0,1754048066.0959256,map,base_link,0.043180227279663086,0.9621438980102539
1754048066.1724005,0.0,0.0,0.0,0.0,0.0,0.0,1.0,0.0,0.0,0.0,0.0,0.0,0.0,0.0,0.0,1754048066.1584518,0.02002435772751979,-0.00860428337306855,0.0,1754048066.1584518,map,base_link,0.05283761024475098,1.0149815082550049
1754048066.2191403,0.0,0.0,0.0,0.0,0.0,0.0,1.0,0.0,0.0,0.0,0.0,0.0,0.0,0.0,0.0,1754048066.1959753,0.02002435772751979,-0.00860428337306855,0.0,1754048066.1959753,map,base_link,0.046739816665649414,1.0617213249206543
1754048066.2697308,0.0,0.0,0.0,0.0,0.0,0.0,1.0,0.0,0.0,0.0,0.0,0.0,0.0,0.0,0.0,1754048066.2584264,0.02002435772751979,-0.00860428337306855,0.0,1754048066.2584264,map,base_link,0.05059051513671875,1.112311840057373
1754048066.321088,0.0,0.0,0.0,0.0,0.0,0.0,1.0,0.0,0.0,0.0,0.0,0.0,0.0,0.0,0.0,1754048066.2959623,0.02002435772751979,-0.00860428337306855,0.0,1754048066.2959623,map,base_link,0.051357269287109375,1.1636691093444824
1754048066.376456,0.0,0.0,0.0,0.0,0.0,0.0,1.0,0.0,0.0,0.0,0.0,0.0,0.0,0.0,0.0,1754048066.3583727,0.02002435772751979,-0.00860428337306855,0.0,1754048066.3583727,map,base_link,0.05536794662475586,1.2190370559692383
1754048066.4383018,0.0,0.0,0.0,0.0,0.0,0.0,1.0,0.0,0.0,0.0,0.0,0.0,0.0,0.0,0.0,1754048066.4009554,0.02002435772751979,-0.00860428337306855,0.0,1754048066.4009554,map,base_link,0.06184577941894531,1.2808828353881836
1754048066.472625,0.0,0.0,0.0,0.0,0.0,0.0,1.0,0.0,0.0,0.0,0.0,0.0,0.0,0.0,0.0,1754048066.4584827,0.02002435772751979,-0.00860428337306855,0.0,1754048066.4584827,map,base_link,0.03432321548461914,1.3152060508728027
1754048066.5207767,0.0,0.0,0.0,0.0,0.0,0.0,1.0,0.0,0.0,0.0,0.0,0.0,0.0,0.0,0.0,1754048066.4960296,0.02002435772751979,-0.00860428337306855,0.0,1754048066.4960296,map,base_link,0.04815173149108887,1.3633577823638916
1754048066.576046,0.0,0.0,0.0,0.0,0.0,0.0,1.0,0.0,0.0,0.0,0.0,0.0,0.0,0.0,0.0,1754048066.5219393,0.02002435772751979,-0.00860428337306855,0.0,1754048066.4960296,map,base_link,0.05526924133300781,1.4186270236968994
1754048066.619748,0.0,0.0,0.0,0.0,0.0,0.0,1.0,0.0,0.0,0.0,0.0,0.0,0.0,0.0,0.0,1754048066.5833776,0.02002435772751979,-0.00860428337306855,0.0,1754048066.5459082,map,base_link,0.043702125549316406,1.4623291492462158
1754048066.6710348,0.0,0.0,0.0,0.0,0.0,0.0,1.0,0.0,0.0,0.0,0.0,0.0,0.0,0.0,0.0,1754048066.6584103,0.020024357727519787,-0.00860428337306855,0.0,1754048066.6209567,map,base_link,0.05128669738769531,1.5136158466339111
1754048066.7202218,0.0,0.0,0.0,0.0,0.0,0.0,1.0,0.0,0.0,0.0,0.0,0.0,0.0,0.0,0.0,1754048066.6957788,0.02002435772751979,-0.00860428337306855,0.0,1754048066.6957788,map,base_link,0.04918694496154785,1.562802791595459
1754048066.7695453,0.0,0.0,0.0,0.0,0.0,0.0,1.0,0.0,0.0,0.0,0.0,0.0,0.0,0.0,0.0,1754048066.758418,0.02002435772751979,-0.00860428337306855,0.0,1754048066.758418,map,base_link,0.04932355880737305,1.612126350402832
1754048066.82132,0.0,0.0,0.0,0.0,0.0,0.0,1.0,0.0,0.0,0.0,0.0,0.0,0.0,0.0,0.0,1754048066.7958999,0.02002435772751979,-0.00860428337306855,0.0,1754048066.7958999,map,base_link,0.05177474021911621,1.6639010906219482
1754048066.877818,0.0,0.0,0.0,0.0,0.0,0.0,1.0,0.0,0.0,0.0,0.0,0.0,0.0,0.0,0.0,1754048066.858543,0.02002435772751979,-0.00860428337306855,0.0,1754048066.8458939,map,base_link,0.056498050689697266,1.7203991413116455
1754048066.9189231,0.0,0.0,0.0,0.0,0.0,0.0,1.0,0.0,0.0,0.0,0.0,0.0,0.0,0.0,0.0,1754048066.895843,0.02002435772751979,-0.00860428337306855,0.0,1754048066.895843,map,base_link,0.041105031967163086,1.7615041732788086
1754048066.9690607,0.0,0.0,0.0,0.0,0.0,0.0,1.0,0.0,0.0,0.0,0.0,0.0,0.0,0.0,0.0,1754048066.9584734,0.02002435772751979,-0.00860428337306855,0.0,1754048066.9584734,map,base_link,0.05013751983642578,1.8116416931152344
1754048067.0193672,0.0,0.0,0.0,0.0,0.0,0.0,1.0,0.0,0.0,0.0,0.0,0.0,0.0,0.0,0.0,1754048066.9965336,0.02002435772751979,-0.00860428337306855,0.0,1754048066.9965336,map,base_link,0.05030655860900879,1.8619482517242432
1754048067.0693274,0.0,0.0,0.0,0.0,0.0,0.0,1.0,0.0,0.0,0.0,0.0,0.0,0.0,0.0,0.0,1754048067.058468,0.02002435772751979,-0.00860428337306855,0.0,1754048067.058468,map,base_link,0.04996013641357422,1.9119083881378174
1754048067.1193998,0.0,0.0,0.0,0.0,0.0,0.0,1.0,0.0,0.0,0.0,0.0,0.0,0.0,0.0,0.0,1754048067.097993,0.02002435772751979,-0.00860428337306855,0.0,1754048067.097993,map,base_link,0.050072431564331055,1.9619808197021484
1754048067.1689157,0.0,0.0,0.0,0.0,0.0,0.0,1.0,0.0,0.0,0.0,0.0,0.0,0.0,0.0,0.0,1754048067.1584482,0.02002435772751979,-0.00860428337306855,0.0,1754048067.1584482,map,base_link,0.04951596260070801,2.0114967823028564
1754048067.2209294,0.0,0.0,0.0,0.0,0.0,0.0,1.0,0.0,0.0,0.0,0.0,0.0,0.0,0.0,0.0,1754048067.1959245,0.02002435772751979,-0.00860428337306855,0.0,1754048067.1959245,map,base_link,0.05201363563537598,2.0635104179382324
1754048067.2689643,0.0,0.0,0.0,0.0,0.0,0.0,1.0,0.0,0.0,0.0,0.0,0.0,0.0,0.0,0.0,1754048067.2584975,0.02002435772751979,-0.00860428337306855,0.0,1754048067.2584975,map,base_link,0.0480349063873291,2.1115453243255615
1754048067.3283534,0.0,0.0,0.0,0.0,0.0,0.0,1.0,0.0,0.0,0.0,0.0,0.0,0.0,0.0,0.0,1754048067.2958431,0.02002435772751979,-0.00860428337306855,0.0,1754048067.2958431,map,base_link,0.05938911437988281,2.1709344387054443
1754048067.3692784,0.0,0.0,0.0,0.0,0.0,0.0,1.0,0.0,0.0,0.0,0.0,0.0,0.0,0.0,0.0,1754048067.35855,0.02002435772751979,-0.00860428337306855,0.0,1754048067.35855,map,base_link,0.040925025939941406,2.2118594646453857
1754048067.4199498,0.0,0.0,0.0,0.0,0.0,0.0,1.0,0.0,0.0,0.0,0.0,0.0,0.0,0.0,0.0,1754048067.3969398,0.02002435772751979,-0.00860428337306855,0.0,1754048067.3969398,map,base_link,0.05067133903503418,2.26253080368042
1754048067.4698873,0.0,0.0,0.0,0.0,0.0,0.0,1.0,0.0,0.0,0.0,0.0,0.0,0.0,0.0,0.0,1754048067.458417,0.02002435772751979,-0.00860428337306855,0.0,1754048067.458417,map,base_link,0.04993748664855957,2.3124682903289795
1754048067.5191786,0.0,0.0,0.0,0.0,0.0,0.0,1.0,0.0,0.0,0.0,0.0,0.0,0.0,0.0,0.0,1754048067.4958694,0.02002435772751979,-0.00860428337306855,0.0,1754048067.4958694,map,base_link,0.049291372299194336,2.361759662628174
1754048067.5739698,0.0,0.0,0.0,0.0,0.0,0.0,1.0,0.0,0.0,0.0,0.0,0.0,0.0,0.0,0.0,1754048067.5585828,0.02002435772751979,-0.00860428337306855,0.0,1754048067.5585828,map,base_link,0.05479121208190918,2.416550874710083
1754048067.620258,0.0,0.0,0.0,0.0,0.0,0.0,1.0,0.0,0.0,0.0,0.0,0.0,0.0,0.0,0.0,1754048067.5960114,0.02002435772751979,-0.00860428337306855,0.0,1754048067.5960114,map,base_link,0.046288251876831055,2.462839126586914
1754048067.6693172,0.0,0.0,0.0,0.0,0.0,0.0,1.0,0.0,0.0,0.0,0.0,0.0,0.0,0.0,0.0,1754048067.6584003,0.02002435772751979,-0.00860428337306855,0.0,1754048067.6584003,map,base_link,0.049059152603149414,2.5118982791900635
1754048067.7250187,0.0,0.0,0.0,0.0,0.0,0.0,1.0,0.0,0.0,0.0,0.0,0.0,0.0,0.0,0.0,1754048067.6994894,0.02002435772751979,-0.00860428337306855,0.0,1754048067.6994894,map,base_link,0.055701494216918945,2.5675997734069824
1754048067.769861,0.0,0.0,0.0,0.0,0.0,0.0,1.0,0.0,0.0,0.0,0.0,0.0,0.0,0.0,0.0,1754048067.7584515,0.02002435772751979,-0.00860428337306855,0.0,1754048067.7584515,map,base_link,0.04484224319458008,2.6124420166015625
1754048067.8207412,0.0,0.0,0.0,0.0,0.0,0.0,1.0,0.0,0.0,0.0,0.0,0.0,0.0,0.0,0.0,1754048067.7964988,0.02002435772751979,-0.00860428337306855,0.0,1754048067.7964988,map,base_link,0.05088019371032715,2.6633222103118896
1754048067.870532,0.0,0.0,0.0,0.0,0.0,0.0,1.0,0.0,0.0,0.0,0.0,0.0,0.0,0.0,0.0,1754048067.8584232,0.02002435772751979,-0.00860428337306855,0.0,1754048067.8584232,map,base_link,0.04979085922241211,2.7131130695343018
1754048067.9261117,0.0,0.0,0.0,0.0,0.0,0.0,1.0,0.0,0.0,0.0,0.0,0.0,0.0,0.0,0.0,1754048067.8958964,0.02002435772751979,-0.00860428337306855,0.0,1754048067.8958964,map,base_link,0.05557966232299805,2.7686927318573
1754048067.9692094,0.0,0.0,0.0,0.0,0.0,0.0,1.0,0.0,0.0,0.0,0.0,0.0,0.0,0.0,0.0,1754048067.9584389,0.02002435772751979,-0.00860428337306855,0.0,1754048067.9584389,map,base_link,0.043097734451293945,2.8117904663085938
1754048068.0266316,0.0,0.0,0.0,0.0,0.0,0.0,1.0,0.0,0.0,0.0,0.0,0.0,0.0,0.0,0.0,1754048067.9959595,0.02002435772751979,-0.00860428337306855,0.0,1754048067.9959595,map,base_link,0.05742216110229492,2.8692126274108887
1754048068.0691404,0.0,0.0,0.0,0.0,0.0,0.0,1.0,0.0,0.0,0.0,0.0,0.0,0.0,0.0,0.0,1754048068.0584776,0.02002435772751979,-0.00860428337306855,0.0,1754048068.0584776,map,base_link,0.042508840560913086,2.9117214679718018
1754048068.1194324,0.0,0.0,0.0,0.0,0.0,0.0,1.0,0.0,0.0,0.0,0.0,0.0,0.0,0.0,0.0,1754048068.095919,0.02002435772751979,-0.00860428337306855,0.0,1754048068.095919,map,base_link,0.050292015075683594,2.9620134830474854
1754048068.1702957,0.0,0.0,0.0,0.0,0.0,0.0,1.0,0.0,0.0,0.0,0.0,0.0,0.0,0.0,0.0,1754048068.158446,0.02002435772751979,-0.00860428337306855,0.0,1754048068.158446,map,base_link,0.05086326599121094,3.0128767490386963
1754048068.2192075,0.0,0.0,0.0,0.0,0.0,0.0,1.0,0.0,0.0,0.0,0.0,0.0,0.0,0.0,0.0,1754048068.1979122,0.02002435772751979,-0.00860428337306855,0.0,1754048068.1979122,map,base_link,0.04891180992126465,3.061788558959961
1754048068.2690134,0.0,0.0,0.0,0.0,0.0,0.0,1.0,0.0,0.0,0.0,0.0,0.0,0.0,0.0,0.0,1754048068.2584677,0.02002435772751979,-0.00860428337306855,0.0,1754048068.2584677,map,base_link,0.04980587959289551,3.1115944385528564
1754048068.3193064,0.0,0.0,0.0,0.0,0.0,0.0,1.0,0.0,0.0,0.0,0.0,0.0,0.0,0.0,0.0,1754048068.2958498,0.02002435772751979,-0.00860428337306855,0.0,1754048068.2958498,map,base_link,0.05029296875,3.1618874073028564
1754048068.3690865,0.0,0.0,0.0,0.0,0.0,0.0,1.0,0.0,0.0,0.0,0.0,0.0,0.0,0.0,0.0,1754048068.35837,0.02002435772751979,-0.00860428337306855,0.0,1754048068.35837,map,base_link,0.04978013038635254,3.211667537689209
1754048068.4193954,0.0,0.0,0.0,0.0,0.0,0.0,1.0,0.0,0.0,0.0,0.0,0.0,0.0,0.0,0.0,1754048068.3961341,0.02002435772751979,-0.00860428337306855,0.0,1754048068.3961341,map,base_link,0.050308942794799805,3.261976480484009
1754048068.4691231,0.0,0.0,0.0,0.0,0.0,0.0,1.0,0.0,0.0,0.0,0.0,0.0,0.0,0.0,0.0,1754048068.458504,0.02002435772751979,-0.00860428337306855,0.0,1754048068.458504,map,base_link,0.049727678298950195,3.311704158782959
1754048068.520078,0.0,0.0,0.0,0.0,0.0,0.0,1.0,0.0,0.0,0.0,0.0,0.0,0.0,0.0,0.0,1754048068.4959335,0.02002435772751979,-0.00860428337306855,0.0,1754048068.4959335,map,base_link,0.05095481872558594,3.362658977508545
1754048068.5692956,0.0,0.0,0.0,0.0,0.0,0.0,1.0,0.0,0.0,0.0,0.0,0.0,0.0,0.0,0.0,1754048068.5583725,0.02002435772751979,-0.00860428337306855,0.0,1754048068.5583725,map,base_link,0.04921770095825195,3.411876678466797
1754048068.6385438,0.0,0.0,0.0,0.0,0.0,0.0,1.0,0.0,0.0,0.0,0.0,0.0,0.0,0.0,0.0,1754048068.5959296,0.02002435772751979,-0.00860428337306855,0.0,1754048068.5959296,map,base_link,0.06924819946289062,3.4811248779296875
1754048068.669361,0.0,0.0,0.0,0.0,0.0,0.0,1.0,0.0,0.0,0.0,0.0,0.0,0.0,0.0,0.0,1754048068.6584299,0.02002435772751979,-0.00860428337306855,0.0,1754048068.6584299,map,base_link,0.030817270278930664,3.511942148208618
1754048068.7192392,0.0,0.0,0.0,0.0,0.0,0.0,1.0,0.0,0.0,0.0,0.0,0.0,0.0,0.0,0.0,1754048068.6958604,0.02002435772751979,-0.00860428337306855,0.0,1754048068.6958604,map,base_link,0.04987812042236328,3.5618202686309814
1754048068.7692053,0.0,0.0,0.0,0.0,0.0,0.0,1.0,0.0,0.0,0.0,0.0,0.0,0.0,0.0,0.0,1754048068.758485,0.02002435772751979,-0.00860428337306855,0.0,1754048068.758485,map,base_link,0.04996609687805176,3.611786365509033
1754048068.8193712,0.0,0.0,0.0,0.0,0.0,0.0,1.0,0.0,0.0,0.0,0.0,0.0,0.0,0.0,0.0,1754048068.7958555,0.02002435772751979,-0.00860428337306855,0.0,1754048068.7958555,map,base_link,0.05016589164733887,3.661952257156372
1754048068.8708673,0.0,0.0,0.0,0.0,0.0,0.0,1.0,0.0,0.0,0.0,0.0,0.0,0.0,0.0,0.0,1754048068.8584256,0.02002435772751979,-0.00860428337306855,0.0,1754048068.8458667,map,base_link,0.051496028900146484,3.7134482860565186
1754048068.9193435,0.0,0.0,0.0,0.0,0.0,0.0,1.0,0.0,0.0,0.0,0.0,0.0,0.0,0.0,0.0,1754048068.8959644,0.02002435772751979,-0.00860428337306855,0.0,1754048068.8959644,map,base_link,0.048476219177246094,3.7619245052337646
1754048068.9697154,0.0,0.0,0.0,0.0,0.0,0.0,1.0,0.0,0.0,0.0,0.0,0.0,0.0,0.0,0.0,1754048068.958377,0.02002435772751979,-0.00860428337306855,0.0,1754048068.958377,map,base_link,0.05037188529968262,3.8122963905334473
1754048069.019097,0.0,0.0,0.0,0.0,0.0,0.0,1.0,0.0,0.0,0.0,0.0,0.0,0.0,0.0,0.0,1754048068.9958491,0.02002435772751979,-0.00860428337306855,0.0,1754048068.9958491,map,base_link,0.04938173294067383,3.861678123474121
1754048069.0690885,0.0,0.0,0.0,0.0,0.0,0.0,1.0,0.0,0.0,0.0,0.0,0.0,0.0,0.0,0.0,1754048069.058373,0.02002435772751979,-0.00860428337306855,0.0,1754048069.058373,map,base_link,0.04999136924743652,3.9116694927215576
1754048069.1314063,0.0,0.0,0.0,0.0,0.0,0.0,1.0,0.0,0.0,0.0,0.0,0.0,0.0,0.0,0.0,1754048069.095964,0.02002435772751979,-0.00860428337306855,0.0,1754048069.095964,map,base_link,0.062317848205566406,3.973987340927124
1754048069.169265,0.0,0.0,0.0,0.0,0.0,0.0,1.0,0.0,0.0,0.0,0.0,0.0,0.0,0.0,0.0,1754048069.1584642,0.02002435772751979,-0.00860428337306855,0.0,1754048069.1584642,map,base_link,0.03785872459411621,4.01184606552124
1754048069.2194996,0.0,0.0,0.0,0.0,0.0,0.0,1.0,0.0,0.0,0.0,0.0,0.0,0.0,0.0,0.0,1754048069.1962514,0.02002435772751979,-0.00860428337306855,0.0,1754048069.1962514,map,base_link,0.05023455619812012,4.06208062171936
1754048069.2692688,0.0,0.0,0.0,0.0,0.0,0.0,1.0,0.0,0.0,0.0,0.0,0.0,0.0,0.0,0.0,1754048069.2585118,0.02002435772751979,-0.00860428337306855,0.0,1754048069.2585118,map,base_link,0.04976916313171387,4.111849784851074
1754048069.3190749,0.0,0.0,0.0,0.0,0.0,0.0,1.0,0.0,0.0,0.0,0.0,0.0,0.0,0.0,0.0,1754048069.2963614,0.02002435772751979,-0.00860428337306855,0.0,1754048069.2963614,map,base_link,0.04980611801147461,4.161655902862549
1754048069.371813,0.0,0.0,0.0,0.0,0.0,0.0,1.0,0.0,0.0,0.0,0.0,0.0,0.0,0.0,0.0,1754048069.3585382,0.02002435772751979,-0.00860428337306855,0.0,1754048069.3585382,map,base_link,0.052738189697265625,4.2143940925598145
1754048069.4193459,0.0,0.0,0.0,0.0,0.0,0.0,1.0,0.0,0.0,0.0,0.0,0.0,0.0,0.0,0.0,1754048069.395826,0.02002435772751979,-0.00860428337306855,0.0,1754048069.395826,map,base_link,0.04753279685974121,4.261926889419556
1754048069.4690664,0.0,0.0,0.0,0.0,0.0,0.0,1.0,0.0,0.0,0.0,0.0,0.0,0.0,0.0,0.0,1754048069.4583967,0.02002435772751979,-0.00860428337306855,0.0,1754048069.4583967,map,base_link,0.04972052574157715,4.311647415161133
1754048069.5193284,0.0,0.0,0.0,0.0,0.0,0.0,1.0,0.0,0.0,0.0,0.0,0.0,0.0,0.0,0.0,1754048069.4961636,0.02002435772751979,-0.00860428337306855,0.0,1754048069.4961636,map,base_link,0.0502619743347168,4.36190938949585
1754048069.5692308,0.0,0.0,0.0,0.0,0.0,0.0,1.0,0.0,0.0,0.0,0.0,0.0,0.0,0.0,0.0,1754048069.5584035,0.02002435772751979,-0.00860428337306855,0.0,1754048069.5584035,map,base_link,0.04990243911743164,4.411811828613281
1754048069.6217053,0.0,0.0,0.0,0.0,0.0,0.0,1.0,0.0,0.0,0.0,0.0,0.0,0.0,0.0,0.0,1754048069.5959828,0.02002435772751979,-0.00860428337306855,0.0,1754048069.5959828,map,base_link,0.0524744987487793,4.4642863273620605
1754048069.6692476,0.0,0.0,0.0,0.0,0.0,0.0,1.0,0.0,0.0,0.0,0.0,0.0,0.0,0.0,0.0,1754048069.658434,0.02002435772751979,-0.00860428337306855,0.0,1754048069.658434,map,base_link,0.04754233360290527,4.511828660964966
1754048069.7278671,0.0,0.0,0.0,0.0,0.0,0.0,1.0,0.0,0.0,0.0,0.0,0.0,0.0,0.0,0.0,1754048069.6963866,0.02002435772751979,-0.00860428337306855,0.0,1754048069.6963866,map,base_link,0.05861949920654297,4.570448160171509
1754048069.7689807,0.0,0.0,0.0,0.0,0.0,0.0,1.0,0.0,0.0,0.0,0.0,0.0,0.0,0.0,0.0,1754048069.758523,0.02002435772751979,-0.00860428337306855,0.0,1754048069.758523,map,base_link,0.04111361503601074,4.6115617752075195
1754048069.8194878,0.0,0.0,0.0,0.0,0.0,0.0,1.0,0.0,0.0,0.0,0.0,0.0,0.0,0.0,0.0,1754048069.7959073,0.02002435772751979,-0.00860428337306855,0.0,1754048069.7959073,map,base_link,0.0505070686340332,4.662068843841553
1754048069.869146,0.0,0.0,0.0,0.0,0.0,0.0,1.0,0.0,0.0,0.0,0.0,0.0,0.0,0.0,0.0,1754048069.858362,0.02002435772751979,-0.00860428337306855,0.0,1754048069.858362,map,base_link,0.04965829849243164,4.711727142333984
1754048069.9200125,0.0,0.0,0.0,0.0,0.0,0.0,1.0,0.0,0.0,0.0,0.0,0.0,0.0,0.0,0.0,1754048069.8958657,0.02002435772751979,-0.00860428337306855,0.0,1754048069.8958657,map,base_link,0.05086636543273926,4.762593507766724
1754048069.974153,0.0,0.0,0.0,0.0,0.0,0.0,1.0,0.0,0.0,0.0,0.0,0.0,0.0,0.0,0.0,1754048069.958443,0.02002435772751979,-0.00860428337306855,0.0,1754048069.958443,map,base_link,0.054140567779541016,4.816734075546265
1754048070.0192401,0.0,0.0,0.0,0.0,0.0,0.0,1.0,0.0,0.0,0.0,0.0,0.0,0.0,0.0,0.0,1754048069.995942,0.02002435772751979,-0.00860428337306855,0.0,1754048069.995942,map,base_link,0.04508709907531738,4.861821174621582
1754048070.0693946,0.0,0.0,0.0,0.0,0.0,0.0,1.0,0.0,0.0,0.0,0.0,0.0,0.0,0.0,0.0,1754048070.0584688,0.02002435772751979,-0.00860428337306855,0.0,1754048070.0584688,map,base_link,0.05015444755554199,4.911975622177124
1754048070.1196234,0.0,0.0,0.0,0.0,0.0,0.0,1.0,0.0,0.0,0.0,0.0,0.0,0.0,0.0,0.0,1754048070.0981424,0.02002435772751979,-0.00860428337306855,0.0,1754048070.0981424,map,base_link,0.05022883415222168,4.962204456329346
1754048070.1691644,0.0,0.0,0.0,0.0,0.0,0.0,1.0,0.0,0.0,0.0,0.0,0.0,0.0,0.0,0.0,1754048070.1584141,0.02002435772751979,-0.00860428337306855,0.0,1754048070.1584141,map,base_link,0.04954099655151367,5.011745452880859
1754048070.2287414,0.0,0.0,0.0,0.0,0.0,0.0,1.0,0.0,0.0,0.0,0.0,0.0,0.0,0.0,0.0,1754048070.2009206,0.02002435772751979,-0.00860428337306855,0.0,1754048070.2009206,map,base_link,0.059576988220214844,5.071322441101074
1754048070.269411,0.0,0.0,0.0,0.0,0.0,0.0,1.0,0.0,0.0,0.0,0.0,0.0,0.0,0.0,0.0,1754048070.2585201,0.02002435772751979,-0.00860428337306855,0.0,1754048070.2585201,map,base_link,0.04066967964172363,5.111992120742798
1754048070.3193538,0.0,0.0,0.0,0.0,0.0,0.0,1.0,0.0,0.0,0.0,0.0,0.0,0.0,0.0,0.0,1754048070.29596,0.02002435772751979,-0.00860428337306855,0.0,1754048070.29596,map,base_link,0.049942731857299805,5.161934852600098
1754048070.3693833,0.0,0.0,0.0,0.0,0.0,0.0,1.0,0.0,0.0,0.0,0.0,0.0,0.0,0.0,0.0,1754048070.358497,0.02002435772751979,-0.00860428337306855,0.0,1754048070.358497,map,base_link,0.05002951622009277,5.21196436882019
1754048070.4194086,0.0,0.0,0.0,0.0,0.0,0.0,1.0,0.0,0.0,0.0,0.0,0.0,0.0,0.0,0.0,1754048070.3959181,0.02002435772751979,-0.00860428337306855,0.0,1754048070.3959181,map,base_link,0.050025224685668945,5.261989593505859
1754048070.469238,0.0,0.0,0.0,0.0,0.0,0.0,1.0,0.0,0.0,0.0,0.0,0.0,0.0,0.0,0.0,1754048070.4586425,0.02002435772751979,-0.00860428337306855,0.0,1754048070.4586425,map,base_link,0.04982948303222656,5.311819076538086
1754048070.519026,0.0,0.0,0.0,0.0,0.0,0.0,1.0,0.0,0.0,0.0,0.0,0.0,0.0,0.0,0.0,1754048070.495968,0.02002435772751979,-0.00860428337306855,0.0,1754048070.495968,map,base_link,0.04978799819946289,5.361607074737549
1754048070.5700073,0.0,0.0,0.0,0.0,0.0,0.0,1.0,0.0,0.0,0.0,0.0,0.0,0.0,0.0,0.0,1754048070.5584714,0.02002435772751979,-0.00860428337306855,0.0,1754048070.5584714,map,base_link,0.05098128318786621,5.412588357925415
1754048070.6196177,0.0,0.0,0.0,0.0,0.0,0.0,1.0,0.0,0.0,0.0,0.0,0.0,0.0,0.0,0.0,1754048070.595911,0.02002435772751979,-0.00860428337306855,0.0,1754048070.595911,map,base_link,0.04961037635803223,5.462198734283447
1754048070.6691208,0.0,0.0,0.0,0.0,0.0,0.0,1.0,0.0,0.0,0.0,0.0,0.0,0.0,0.0,0.0,1754048070.6583464,0.02002435772751979,-0.00860428337306855,0.0,1754048070.6583464,map,base_link,0.04950308799743652,5.511701822280884
1754048070.7188833,0.0,0.0,0.0,0.0,0.0,0.0,1.0,0.0,0.0,0.0,0.0,0.0,0.0,0.0,0.0,1754048070.6958656,0.02002435772751979,-0.00860428337306855,0.0,1754048070.6958656,map,base_link,0.04976248741149902,5.561464309692383
1754048070.769357,0.0,0.0,0.0,0.0,0.0,0.0,1.0,0.0,0.0,0.0,0.0,0.0,0.0,0.0,0.0,1754048070.758532,0.02002435772751979,-0.00860428337306855,0.0,1754048070.758532,map,base_link,0.050473690032958984,5.611937999725342
1754048070.8215637,0.0,0.0,0.0,0.0,0.0,0.0,1.0,0.0,0.0,0.0,0.0,0.0,0.0,0.0,0.0,1754048070.7959094,0.02002435772751979,-0.00860428337306855,0.0,1754048070.7959094,map,base_link,0.05220675468444824,5.66414475440979
1754048070.869204,0.0,0.0,0.0,0.0,0.0,0.0,1.0,0.0,0.0,0.0,0.0,0.0,0.0,0.0,0.0,1754048070.8584573,0.02002435772751979,-0.00860428337306855,0.0,1754048070.8584573,map,base_link,0.047640323638916016,5.711785078048706
1754048070.9198616,0.0,0.0,0.0,0.0,0.0,0.0,1.0,0.0,0.0,0.0,0.0,0.0,0.0,0.0,0.0,1754048070.8959448,0.02002435772751979,-0.00860428337306855,0.0,1754048070.8959448,map,base_link,0.05065751075744629,5.762442588806152
1754048070.968897,0.0,0.0,0.0,0.0,0.0,0.0,1.0,0.0,0.0,0.0,0.0,0.0,0.0,0.0,0.0,1754048070.9584239,0.02002435772751979,-0.00860428337306855,0.0,1754048070.9584239,map,base_link,0.04903554916381836,5.811478137969971
1754048071.0193307,0.0,0.0,0.0,0.0,0.0,0.0,1.0,0.0,0.0,0.0,0.0,0.0,0.0,0.0,0.0,1754048070.9964585,0.02002435772751979,-0.00860428337306855,0.0,1754048070.9964585,map,base_link,0.05043363571166992,5.861911773681641
1754048071.068913,0.0,0.0,0.0,0.0,0.0,0.0,1.0,0.0,0.0,0.0,0.0,0.0,0.0,0.0,0.0,1754048071.058483,0.02002435772751979,-0.00860428337306855,0.0,1754048071.058483,map,base_link,0.04958224296569824,5.911494016647339
1754048071.1192331,0.0,0.0,0.0,0.0,0.0,0.0,1.0,0.0,0.0,0.0,0.0,0.0,0.0,0.0,0.0,1754048071.0959876,0.02002435772751979,-0.00860428337306855,0.0,1754048071.0959876,map,base_link,0.05032014846801758,5.9618141651153564
1754048071.1702385,0.0,0.0,0.0,0.0,0.0,0.0,1.0,0.0,0.0,0.0,0.0,0.0,0.0,0.0,0.0,1754048071.1584568,0.02002435772751979,-0.00860428337306855,0.0,1754048071.1584568,map,base_link,0.05100536346435547,6.012819528579712
1754048071.219217,0.0,0.0,0.0,0.0,0.0,0.0,1.0,0.0,0.0,0.0,0.0,0.0,0.0,0.0,0.0,1754048071.1958692,0.02002435772751979,-0.00860428337306855,0.0,1754048071.1958692,map,base_link,0.048978567123413086,6.061798095703125
1754048071.2692814,0.0,0.0,0.0,0.0,0.0,0.0,1.0,0.0,0.0,0.0,0.0,0.0,0.0,0.0,0.0,1754048071.2584481,0.02002435772751979,-0.00860428337306855,0.0,1754048071.2584481,map,base_link,0.0500643253326416,6.111862421035767
1754048071.3192465,0.0,0.0,0.0,0.0,0.0,0.0,1.0,0.0,0.0,0.0,0.0,0.0,0.0,0.0,0.0,1754048071.2959795,0.02002435772751979,-0.00860428337306855,0.0,1754048071.2959795,map,base_link,0.04996514320373535,6.161827564239502
1754048071.3690188,0.0,0.0,0.0,0.0,0.0,0.0,1.0,0.0,0.0,0.0,0.0,0.0,0.0,0.0,0.0,1754048071.358282,0.02002435772751979,-0.00860428337306855,0.0,1754048071.358282,map,base_link,0.04977226257324219,6.211599826812744
1754048071.4193816,0.0,0.0,0.0,0.0,0.0,0.0,1.0,0.0,0.0,0.0,0.0,0.0,0.0,0.0,0.0,1754048071.396016,0.02002435772751979,-0.00860428337306855,0.0,1754048071.396016,map,base_link,0.05036282539367676,6.261962652206421
1754048071.469067,0.0,0.0,0.0,0.0,0.0,0.0,1.0,0.0,0.0,0.0,0.0,0.0,0.0,0.0,0.0,1754048071.4583046,0.02002435772751979,-0.00860428337306855,0.0,1754048071.4583046,map,base_link,0.04968547821044922,6.31164813041687
1754048071.5205219,0.0,0.0,0.0,0.0,0.0,0.0,1.0,0.0,0.0,0.0,0.0,0.0,0.0,0.0,0.0,1754048071.4965472,0.02002435772751979,-0.00860428337306855,0.0,1754048071.4965472,map,base_link,0.051454782485961914,6.363102912902832
1754048071.5690033,0.0,0.0,0.0,0.0,0.0,0.0,1.0,0.0,0.0,0.0,0.0,0.0,0.0,0.0,0.0,1754048071.5584872,0.02002435772751979,-0.00860428337306855,0.0,1754048071.5584872,map,base_link,0.04848146438598633,6.411584377288818
1754048071.6242423,0.0,0.0,0.0,0.0,0.0,0.0,1.0,0.0,0.0,0.0,0.0,0.0,0.0,0.0,0.0,1754048071.5959647,0.02002435772751979,-0.00860428337306855,0.0,1754048071.5959647,map,base_link,0.055238962173461914,6.46682333946228
1754048071.6693664,0.0,0.0,0.0,0.0,0.0,0.0,1.0,0.0,0.0,0.0,0.0,0.0,0.0,0.0,0.0,1754048071.658318,0.02002435772751979,-0.00860428337306855,0.0,1754048071.658318,map,base_link,0.045124053955078125,6.511947393417358
1754048071.7194662,0.0,0.0,0.0,0.0,0.0,0.0,1.0,0.0,0.0,0.0,0.0,0.0,0.0,0.0,0.0,1754048071.6966722,0.02002435772751979,-0.00860428337306855,0.0,1754048071.6966722,map,base_link,0.050099849700927734,6.562047243118286
1754048071.7755759,0.0,0.0,0.0,0.0,0.0,0.0,1.0,0.0,0.0,0.0,0.0,0.0,0.0,0.0,0.0,1754048071.758501,0.02002435772751979,-0.00860428337306855,0.0,1754048071.758501,map,base_link,0.05610966682434082,6.618156909942627
1754048071.8192348,0.0,0.0,0.0,0.0,0.0,0.0,1.0,0.0,0.0,0.0,0.0,0.0,0.0,0.0,0.0,1754048071.7958581,0.02002435772751979,-0.00860428337306855,0.0,1754048071.7958581,map,base_link,0.04365897178649902,6.661815881729126
1754048071.8689783,0.0,0.0,0.0,0.0,0.0,0.0,1.0,0.0,0.0,0.0,0.0,0.0,0.0,0.0,0.0,1754048071.8584404,0.02002435772751979,-0.00860428337306855,0.0,1754048071.8584404,map,base_link,0.0497434139251709,6.711559295654297
1754048071.9189901,0.0,0.0,0.0,0.0,0.0,0.0,1.0,0.0,0.0,0.0,0.0,0.0,0.0,0.0,0.0,1754048071.896,0.02002435772751979,-0.00860428337306855,0.0,1754048071.896,map,base_link,0.05001187324523926,6.761571168899536
1754048071.9689581,0.0,0.0,0.0,0.0,0.0,0.0,1.0,0.0,0.0,0.0,0.0,0.0,0.0,0.0,0.0,1754048071.9584746,0.02002435772751979,-0.00860428337306855,0.0,1754048071.9584746,map,base_link,0.04996800422668457,6.811539173126221
1754048072.0208807,0.0,0.0,0.0,0.0,0.0,0.0,1.0,0.0,0.0,0.0,0.0,0.0,0.0,0.0,0.0,1754048071.9959383,0.02002435772751979,-0.00860428337306855,0.0,1754048071.9959383,map,base_link,0.05192255973815918,6.86346173286438
1754048072.0691586,0.0,0.0,0.0,0.0,0.0,0.0,1.0,0.0,0.0,0.0,0.0,0.0,0.0,0.0,0.0,1754048072.0584874,0.02002435772751979,-0.00860428337306855,0.0,1754048072.0584874,map,base_link,0.048277854919433594,6.9117395877838135
1754048072.1297429,0.0,0.0,0.0,0.0,0.0,0.0,1.0,0.0,0.0,0.0,0.0,0.0,0.0,0.0,0.0,1754048072.095863,0.02002435772751979,-0.00860428337306855,0.0,1754048072.095863,map,base_link,0.060584306716918945,6.972323894500732
1754048072.1691954,0.0,0.0,0.0,0.0,0.0,0.0,1.0,0.0,0.0,0.0,0.0,0.0,0.0,0.0,0.0,1754048072.1583073,0.02002435772751979,-0.00860428337306855,0.0,1754048072.1583073,map,base_link,0.039452552795410156,7.011776447296143
1754048072.221245,0.0,0.0,0.0,0.0,0.0,0.0,1.0,0.0,0.0,0.0,0.0,0.0,0.0,0.0,0.0,1754048072.1968427,0.02002435772751979,-0.00860428337306855,0.0,1754048072.1968427,map,base_link,0.05204963684082031,7.063826084136963
1754048072.2692993,0.0,0.0,0.0,0.0,0.0,0.0,1.0,0.0,0.0,0.0,0.0,0.0,0.0,0.0,0.0,1754048072.258511,0.02002435772751979,-0.00860428337306855,0.0,1754048072.258511,map,base_link,0.04805421829223633,7.111880302429199
1754048072.319405,0.0,0.0,0.0,0.0,0.0,0.0,1.0,0.0,0.0,0.0,0.0,0.0,0.0,0.0,0.0,1754048072.298196,0.02002435772751979,-0.00860428337306855,0.0,1754048072.298196,map,base_link,0.05010581016540527,7.1619861125946045
1754048072.3846881,0.0,0.0,0.0,0.0,0.0,0.0,1.0,0.0,0.0,0.0,0.0,0.0,0.0,0.0,0.0,1754048072.3583355,0.02002435772751979,-0.00860428337306855,0.0,1754048072.3583355,map,base_link,0.06528306007385254,7.227269172668457
1754048072.4191587,0.0,0.0,0.0,0.0,0.0,0.0,1.0,0.0,0.0,0.0,0.0,0.0,0.0,0.0,0.0,1754048072.3958843,0.02002435772751979,-0.00860428337306855,0.0,1754048072.3958843,map,base_link,0.034470558166503906,7.261739730834961
1754048072.4690046,0.0,0.0,0.0,0.0,0.0,0.0,1.0,0.0,0.0,0.0,0.0,0.0,0.0,0.0,0.0,1754048072.4585545,0.02002435772751979,-0.00860428337306855,0.0,1754048072.4585545,map,base_link,0.04984593391418457,7.3115856647491455
1754048072.5191503,0.0,0.0,0.0,0.0,0.0,0.0,1.0,0.0,0.0,0.0,0.0,0.0,0.0,0.0,0.0,1754048072.4960053,0.02002435772751979,-0.00860428337306855,0.0,1754048072.4960053,map,base_link,0.050145626068115234,7.361731290817261
1754048072.5691981,0.0,0.0,0.0,0.0,0.0,0.0,1.0,0.0,0.0,0.0,0.0,0.0,0.0,0.0,0.0,1754048072.558469,0.02002435772751979,-0.00860428337306855,0.0,1754048072.558469,map,base_link,0.050047874450683594,7.411779165267944
1754048072.6308446,0.0,0.0,0.0,0.0,0.0,0.0,1.0,0.0,0.0,0.0,0.0,0.0,0.0,0.0,0.0,1754048072.5973916,0.02002435772751979,-0.00860428337306855,0.0,1754048072.5973916,map,base_link,0.061646461486816406,7.473425626754761
1754048072.669241,0.0,0.0,0.0,0.0,0.0,0.0,1.0,0.0,0.0,0.0,0.0,0.0,0.0,0.0,0.0,1754048072.6585793,0.02002435772751979,-0.00860428337306855,0.0,1754048072.6585793,map,base_link,0.038396358489990234,7.511821985244751
1754048072.7190852,0.0,0.0,0.0,0.0,0.0,0.0,1.0,0.0,0.0,0.0,0.0,0.0,0.0,0.0,0.0,1754048072.695897,0.02002435772751979,-0.00860428337306855,0.0,1754048072.695897,map,base_link,0.04984426498413086,7.561666250228882
1754048072.76916,0.0,0.0,0.0,0.0,0.0,0.0,1.0,0.0,0.0,0.0,0.0,0.0,0.0,0.0,0.0,1754048072.7585378,0.02002435772751979,-0.00860428337306855,0.0,1754048072.7585378,map,base_link,0.05007481575012207,7.611741065979004
1754048072.8194082,0.0,0.0,0.0,0.0,0.0,0.0,1.0,0.0,0.0,0.0,0.0,0.0,0.0,0.0,0.0,1754048072.7961185,0.02002435772751979,-0.00860428337306855,0.0,1754048072.7961185,map,base_link,0.050248146057128906,7.661989212036133
1754048072.877442,0.0,0.0,0.0,0.0,0.0,0.0,1.0,0.0,0.0,0.0,0.0,0.0,0.0,0.0,0.0,1754048072.8585055,0.02002435772751979,-0.00860428337306855,0.0,1754048072.8585055,map,base_link,0.05803370475769043,7.720022916793823
1754048072.919161,0.0,0.0,0.0,0.0,0.0,0.0,1.0,0.0,0.0,0.0,0.0,0.0,0.0,0.0,0.0,1754048072.8958318,0.02002435772751979,-0.00860428337306855,0.0,1754048072.8958318,map,base_link,0.04171919822692871,7.761742115020752
1754048072.969293,0.0,0.0,0.0,0.0,0.0,0.0,1.0,0.0,0.0,0.0,0.0,0.0,0.0,0.0,0.0,1754048072.9584484,0.02002435772751979,-0.00860428337306855,0.0,1754048072.9584484,map,base_link,0.050132036209106445,7.811874151229858
1754048073.0255187,0.0,0.0,0.0,0.0,0.0,0.0,1.0,0.0,0.0,0.0,0.0,0.0,0.0,0.0,0.0,1754048072.9958727,0.02002435772751979,-0.00860428337306855,0.0,1754048072.9958727,map,base_link,0.05622553825378418,7.868099689483643
1754048073.0690615,0.0,0.0,0.0,0.0,0.0,0.0,1.0,0.0,0.0,0.0,0.0,0.0,0.0,0.0,0.0,1754048073.0583348,0.02002435772751979,-0.00860428337306855,0.0,1754048073.0583348,map,base_link,0.04354286193847656,7.911642551422119
1754048073.1191645,0.0,0.0,0.0,0.0,0.0,0.0,1.0,0.0,0.0,0.0,0.0,0.0,0.0,0.0,0.0,1754048073.0958815,0.02002435772751979,-0.00860428337306855,0.0,1754048073.0958815,map,base_link,0.050102949142456055,7.961745500564575
1754048073.169353,0.0,0.0,0.0,0.0,0.0,0.0,1.0,0.0,0.0,0.0,0.0,0.0,0.0,0.0,0.0,1754048073.158477,0.02002435772751979,-0.00860428337306855,0.0,1754048073.158477,map,base_link,0.050188541412353516,8.011934041976929
1754048073.2194827,0.0,0.0,0.0,0.0,0.0,0.0,1.0,0.0,0.0,0.0,0.0,0.0,0.0,0.0,0.0,1754048073.196185,0.02002435772751979,-0.00860428337306855,0.0,1754048073.196185,map,base_link,0.05012965202331543,8.062063694000244
1754048073.2692022,0.0,0.0,0.0,0.0,0.0,0.0,1.0,0.0,0.0,0.0,0.0,0.0,0.0,0.0,0.0,1754048073.2583625,0.02002435772751979,-0.00860428337306855,0.0,1754048073.2583625,map,base_link,0.04971957206726074,8.111783266067505
1754048073.3191667,0.0,0.0,0.0,0.0,0.0,0.0,1.0,0.0,0.0,0.0,0.0,0.0,0.0,0.0,0.0,1754048073.2979457,0.02002435772751979,-0.00860428337306855,0.0,1754048073.2979457,map,base_link,0.04996442794799805,8.161747694015503
1754048073.3710718,0.0,0.0,0.0,0.0,0.0,0.0,1.0,0.0,0.0,0.0,0.0,0.0,0.0,0.0,0.0,1754048073.358699,0.02002435772751979,-0.00860428337306855,0.0,1754048073.358699,map,base_link,0.051905155181884766,8.213652849197388
1754048073.4193656,0.0,0.0,0.0,0.0,0.0,0.0,1.0,0.0,0.0,0.0,0.0,0.0,0.0,0.0,0.0,1754048073.3960934,0.02002435772751979,-0.00860428337306855,0.0,1754048073.3960934,map,base_link,0.0482938289642334,8.261946678161621
1754048073.4695325,0.0,0.0,0.0,0.0,0.0,0.0,1.0,0.0,0.0,0.0,0.0,0.0,0.0,0.0,0.0,1754048073.458839,0.02002435772751979,-0.00860428337306855,0.0,1754048073.458839,map,base_link,0.05016684532165527,8.312113523483276
1754048073.5193615,0.0,0.0,0.0,0.0,0.0,0.0,1.0,0.0,0.0,0.0,0.0,0.0,0.0,0.0,0.0,1754048073.4963012,0.02002435772751979,-0.00860428337306855,0.0,1754048073.4963012,map,base_link,0.04982900619506836,8.361942529678345
1754048073.5693731,0.0,0.0,0.0,0.0,0.0,0.0,1.0,0.0,0.0,0.0,0.0,0.0,0.0,0.0,0.0,1754048073.5585704,0.02002435772751979,-0.00860428337306855,0.0,1754048073.5585704,map,base_link,0.050011634826660156,8.411954164505005
1754048073.6216009,0.0,0.0,0.0,0.0,0.0,0.0,1.0,0.0,0.0,0.0,0.0,0.0,0.0,0.0,0.0,1754048073.595913,0.02002435772751979,-0.00860428337306855,0.0,1754048073.595913,map,base_link,0.05222773551940918,8.464181900024414
1754048073.6693907,0.0,0.0,0.0,0.0,0.0,0.0,1.0,0.0,0.0,0.0,0.0,0.0,0.0,0.0,0.0,1754048073.6584268,0.02002435772751979,-0.00860428337306855,0.0,1754048073.6584268,map,base_link,0.047789812088012695,8.511971712112427
1754048073.733746,0.0,0.0,0.0,0.0,0.0,0.0,1.0,0.0,0.0,0.0,0.0,0.0,0.0,0.0,0.0,1754048073.6960104,0.02002435772751979,-0.00860428337306855,0.0,1754048073.6960104,map,base_link,0.06435537338256836,8.576327085494995
1754048073.769215,0.0,0.0,0.0,0.0,0.0,0.0,1.0,0.0,0.0,0.0,0.0,0.0,0.0,0.0,0.0,1754048073.7583299,0.02002435772751979,-0.00860428337306855,0.0,1754048073.7583299,map,base_link,0.03546905517578125,8.611796140670776
1754048073.819116,0.0,0.0,0.0,0.0,0.0,0.0,1.0,0.0,0.0,0.0,0.0,0.0,0.0,0.0,0.0,1754048073.795899,0.02002435772751979,-0.00860428337306855,0.0,1754048073.795899,map,base_link,0.04990100860595703,8.661697149276733
1754048073.8691401,0.0,0.0,0.0,0.0,0.0,0.0,1.0,0.0,0.0,0.0,0.0,0.0,0.0,0.0,0.0,1754048073.8584769,0.02002435772751979,-0.00860428337306855,0.0,1754048073.8584769,map,base_link,0.05002403259277344,8.711721181869507
1754048073.9189825,0.0,0.0,0.0,0.0,0.0,0.0,1.0,0.0,0.0,0.0,0.0,0.0,0.0,0.0,0.0,1754048073.8958771,0.02002435772751979,-0.00860428337306855,0.0,1754048073.8958771,map,base_link,0.04984235763549805,8.761563539505005
1754048073.9795032,0.0,0.0,0.0,0.0,0.0,0.0,1.0,0.0,0.0,0.0,0.0,0.0,0.0,0.0,0.0,1754048073.9584632,0.02002435772751979,-0.00860428337306855,0.0,1754048073.9584632,map,base_link,0.06052064895629883,8.822084188461304
1754048074.0193727,0.0,0.0,0.0,0.0,0.0,0.0,1.0,0.0,0.0,0.0,0.0,0.0,0.0,0.0,0.0,1754048073.9958484,0.02002435772751979,-0.00860428337306855,0.0,1754048073.9958484,map,base_link,0.03986954689025879,8.861953735351562
1754048074.0688987,0.0,0.0,0.0,0.0,0.0,0.0,1.0,0.0,0.0,0.0,0.0,0.0,0.0,0.0,0.0,1754048074.0584433,0.02002435772751979,-0.00860428337306855,0.0,1754048074.0584433,map,base_link,0.04952597618103027,8.911479711532593
1754048074.1194692,0.0,0.0,0.0,0.0,0.0,0.0,1.0,0.0,0.0,0.0,0.0,0.0,0.0,0.0,0.0,1754048074.0959325,0.02002435772751979,-0.00860428337306855,0.0,1754048074.0959325,map,base_link,0.05057048797607422,8.962050199508667
1754048074.1689765,0.0,0.0,0.0,0.0,0.0,0.0,1.0,0.0,0.0,0.0,0.0,0.0,0.0,0.0,0.0,1754048074.1586046,0.02002435772751979,-0.00860428337306855,0.0,1754048074.1586046,map,base_link,0.04950737953186035,9.011557579040527
1754048074.2202034,0.0,0.0,0.0,0.0,0.0,0.0,1.0,0.0,0.0,0.0,0.0,0.0,0.0,0.0,0.0,1754048074.195948,0.02002435772751979,-0.00860428337306855,0.0,1754048074.195948,map,base_link,0.05122685432434082,9.062784433364868
1754048074.2689404,0.0,0.0,0.0,0.0,0.0,0.0,1.0,0.0,0.0,0.0,0.0,0.0,0.0,0.0,0.0,1754048074.2583232,0.02002435772751979,-0.00860428337306855,0.0,1754048074.2583232,map,base_link,0.0487370491027832,9.111521482467651
1754048074.3191633,0.0,0.0,0.0,0.0,0.0,0.0,1.0,0.0,0.0,0.0,0.0,0.0,0.0,0.0,0.0,1754048074.2958868,0.02002435772751979,-0.00860428337306855,0.0,1754048074.2958868,map,base_link,0.05022287368774414,9.161744356155396
1754048074.3691578,0.0,0.0,0.0,0.0,0.0,0.0,1.0,0.0,0.0,0.0,0.0,0.0,0.0,0.0,0.0,1754048074.3584373,0.02002435772751979,-0.00860428337306855,0.0,1754048074.3584373,map,base_link,0.049994468688964844,9.21173882484436
1754048074.4191933,0.0,0.0,0.0,0.0,0.0,0.0,1.0,0.0,0.0,0.0,0.0,0.0,0.0,0.0,0.0,1754048074.3958356,0.02002435772751979,-0.00860428337306855,0.0,1754048074.3958356,map,base_link,0.05003547668457031,9.26177430152893
1754048074.4770155,0.0,0.0,0.0,0.0,0.0,0.0,1.0,0.0,0.0,0.0,0.0,0.0,0.0,0.0,0.0,1754048074.4585145,0.02002435772751979,-0.00860428337306855,0.0,1754048074.4585145,map,base_link,0.057822227478027344,9.319596529006958
1754048074.5191278,0.0,0.0,0.0,0.0,0.0,0.0,1.0,0.0,0.0,0.0,0.0,0.0,0.0,0.0,0.0,1754048074.4959722,0.02002435772751979,-0.00860428337306855,0.0,1754048074.4959722,map,base_link,0.04211235046386719,9.361708879470825
1754048074.569343,0.0,0.0,0.0,0.0,0.0,0.0,1.0,0.0,0.0,0.0,0.0,0.0,0.0,0.0,0.0,1754048074.558463,0.02002435772751979,-0.00860428337306855,0.0,1754048074.558463,map,base_link,0.05021524429321289,9.411924123764038
1754048074.619078,0.0,0.0,0.0,0.0,0.0,0.0,1.0,0.0,0.0,0.0,0.0,0.0,0.0,0.0,0.0,1754048074.5959783,0.02002435772751979,-0.00860428337306855,0.0,1754048074.5959783,map,base_link,0.04973483085632324,9.461658954620361
1754048074.6690004,0.0,0.0,0.0,0.0,0.0,0.0,1.0,0.0,0.0,0.0,0.0,0.0,0.0,0.0,0.0,1754048074.65839,0.02002435772751979,-0.00860428337306855,0.0,1754048074.65839,map,base_link,0.04992246627807617,9.511581420898438
1754048074.719823,0.0,0.0,0.0,0.0,0.0,0.0,1.0,0.0,0.0,0.0,0.0,0.0,0.0,0.0,0.0,1754048074.6959667,0.02002435772751979,-0.00860428337306855,0.0,1754048074.6959667,map,base_link,0.05082249641418457,9.562403917312622
1754048074.7690477,0.0,0.0,0.0,0.0,0.0,0.0,1.0,0.0,0.0,0.0,0.0,0.0,0.0,0.0,0.0,1754048074.7583218,0.02002435772751979,-0.00860428337306855,0.0,1754048074.7583218,map,base_link,0.049224853515625,9.611628770828247
1754048074.8236074,0.0,0.0,0.0,0.0,0.0,0.0,1.0,0.0,0.0,0.0,0.0,0.0,0.0,0.0,0.0,1754048074.7958562,0.02002435772751979,-0.00860428337306855,0.0,1754048074.7958562,map,base_link,0.05455970764160156,9.666188478469849
1754048074.869481,0.0,0.0,0.0,0.0,0.0,0.0,1.0,0.0,0.0,0.0,0.0,0.0,0.0,0.0,0.0,1754048074.8583148,0.02002435772751979,-0.00860428337306855,0.0,1754048074.8583148,map,base_link,0.04587364196777344,9.712062120437622
1754048074.9193435,0.0,0.0,0.0,0.0,0.0,0.0,1.0,0.0,0.0,0.0,0.0,0.0,0.0,0.0,0.0,1754048074.895873,0.02002435772751979,-0.00860428337306855,0.0,1754048074.895873,map,base_link,0.04986238479614258,9.761924505233765
1754048074.9689891,0.0,0.0,0.0,0.0,0.0,0.0,1.0,0.0,0.0,0.0,0.0,0.0,0.0,0.0,0.0,1754048074.9583757,0.02002435772751979,-0.00860428337306855,0.0,1754048074.9583757,map,base_link,0.04964566230773926,9.811570167541504
1754048075.0192835,0.0,0.0,0.0,0.0,0.0,0.0,1.0,0.0,0.0,0.0,0.0,0.0,0.0,0.0,0.0,1754048074.9958875,0.02002435772751979,-0.00860428337306855,0.0,1754048074.9958875,map,base_link,0.05029439926147461,9.861864566802979
1754048075.0717154,0.0,0.0,0.0,0.0,0.0,0.0,1.0,0.0,0.0,0.0,0.0,0.0,0.0,0.0,0.0,1754048075.0584795,0.02002435772751979,-0.00860428337306855,0.0,1754048075.0584795,map,base_link,0.05243182182312012,9.914296388626099
1754048075.119094,0.0,0.0,0.0,0.0,0.0,0.0,1.0,0.0,0.0,0.0,0.0,0.0,0.0,0.0,0.0,1754048075.0959477,0.02002435772751979,-0.00860428337306855,0.0,1754048075.0959477,map,base_link,0.0473785400390625,9.961674928665161
1754048075.1689446,0.0,0.0,0.0,0.0,0.0,0.0,1.0,0.0,0.0,0.0,0.0,0.0,0.0,0.0,0.0,1754048075.1585116,0.02002435772751979,-0.00860428337306855,0.0,1754048075.1585116,map,base_link,0.0498507022857666,10.011525630950928
1754048075.2193308,0.0,0.0,0.0,0.0,0.0,0.0,1.0,0.0,0.0,0.0,0.0,0.0,0.0,0.0,0.0,1754048075.1959128,0.02002435772751979,-0.00860428337306855,0.0,1754048075.1959128,map,base_link,0.05038619041442871,10.061911821365356
1754048075.2691636,0.0,0.0,0.0,0.0,0.0,0.0,1.0,0.0,0.0,0.0,0.0,0.0,0.0,0.0,0.0,1754048075.2583475,0.02002435772751979,-0.00860428337306855,0.0,1754048075.2583475,map,base_link,0.049832820892333984,10.11174464225769
1754048075.318947,0.0,0.0,0.0,0.0,0.0,0.0,1.0,0.0,0.0,0.0,0.0,0.0,0.0,0.0,0.0,1754048075.2959847,0.02002435772751979,-0.00860428337306855,0.0,1754048075.2959847,map,base_link,0.04978346824645996,10.16152811050415
1754048075.3693595,0.0,0.0,0.0,0.0,0.0,0.0,1.0,0.0,0.0,0.0,0.0,0.0,0.0,0.0,0.0,1754048075.3584144,0.02002435772751979,-0.00860428337306855,0.0,1754048075.3584144,map,base_link,0.05041241645812988,10.21194052696228
1754048075.428161,0.0,0.0,0.0,0.0,0.0,0.0,1.0,0.0,0.0,0.0,0.0,0.0,0.0,0.0,0.0,1754048075.395888,0.02002435772751979,-0.00860428337306855,0.0,1754048075.395888,map,base_link,0.05880141258239746,10.270741939544678
1754048075.4693387,0.0,0.0,0.0,0.0,0.0,0.0,1.0,0.0,0.0,0.0,0.0,0.0,0.0,0.0,0.0,1754048075.4583826,0.02002435772751979,-0.00860428337306855,0.0,1754048075.4583826,map,base_link,0.04117774963378906,10.311919689178467
1754048075.5191267,0.0,0.0,0.0,0.0,0.0,0.0,1.0,0.0,0.0,0.0,0.0,0.0,0.0,0.0,0.0,1754048075.4959803,0.02002435772751979,-0.00860428337306855,0.0,1754048075.4959803,map,base_link,0.04978799819946289,10.36170768737793
1754048075.5691636,0.0,0.0,0.0,0.0,0.0,0.0,1.0,0.0,0.0,0.0,0.0,0.0,0.0,0.0,0.0,1754048075.5583646,0.02002435772751979,-0.00860428337306855,0.0,1754048075.5583646,map,base_link,0.05003690719604492,10.411744594573975
1754048075.6191595,0.0,0.0,0.0,0.0,0.0,0.0,1.0,0.0,0.0,0.0,0.0,0.0,0.0,0.0,0.0,1754048075.5958812,0.02002435772751979,-0.00860428337306855,0.0,1754048075.5958812,map,base_link,0.04999589920043945,10.461740493774414
1754048075.668887,0.0,0.0,0.0,0.0,0.0,0.0,1.0,0.0,0.0,0.0,0.0,0.0,0.0,0.0,0.0,1754048075.6584315,0.02002435772751979,-0.00860428337306855,0.0,1754048075.6584315,map,base_link,0.049727439880371094,10.511467933654785
1754048075.719439,0.0,0.0,0.0,0.0,0.0,0.0,1.0,0.0,0.0,0.0,0.0,0.0,0.0,0.0,0.0,1754048075.695976,0.02002435772751979,-0.00860428337306855,0.0,1754048075.695976,map,base_link,0.0505521297454834,10.562020063400269
1754048075.7704487,0.0,0.0,0.0,0.0,0.0,0.0,1.0,0.0,0.0,0.0,0.0,0.0,0.0,0.0,0.0,1754048075.75842,0.02002435772751979,-0.00860428337306855,0.0,1754048075.75842,map,base_link,0.0510096549987793,10.613029718399048
1754048075.8191097,0.0,0.0,0.0,0.0,0.0,0.0,1.0,0.0,0.0,0.0,0.0,0.0,0.0,0.0,0.0,1754048075.7959297,0.02002435772751979,-0.00860428337306855,0.0,1754048075.7959297,map,base_link,0.048660993576049805,10.661690711975098
1754048075.8690033,0.0,0.0,0.0,0.0,0.0,0.0,1.0,0.0,0.0,0.0,0.0,0.0,0.0,0.0,0.0,1754048075.858386,0.02002435772751979,-0.00860428337306855,0.0,1754048075.858386,map,base_link,0.04989361763000488,10.711584329605103
1754048075.9190156,0.0,0.0,0.0,0.0,0.0,0.0,1.0,0.0,0.0,0.0,0.0,0.0,0.0,0.0,0.0,1754048075.8958669,0.02002435772751979,-0.00860428337306855,0.0,1754048075.8958669,map,base_link,0.05001235008239746,10.7615966796875
1754048075.9688973,0.0,0.0,0.0,0.0,0.0,0.0,1.0,0.0,0.0,0.0,0.0,0.0,0.0,0.0,0.0,1754048075.9584093,0.02002435772751979,-0.00860428337306855,0.0,1754048075.9584093,map,base_link,0.049881696701049805,10.81147837638855
1754048076.0282362,0.0,0.0,0.0,0.0,0.0,0.0,1.0,0.0,0.0,0.0,0.0,0.0,0.0,0.0,0.0,1754048075.9958436,0.02002435772751979,-0.00860428337306855,0.0,1754048075.9958436,map,base_link,0.05933880805969238,10.870817184448242
1754048076.0692892,0.0,0.0,0.0,0.0,0.0,0.0,1.0,0.0,0.0,0.0,0.0,0.0,0.0,0.0,0.0,1754048076.0583055,0.02002435772751979,-0.00860428337306855,0.0,1754048076.0583055,map,base_link,0.041053056716918945,10.911870241165161
1754048076.1189904,0.0,0.0,0.0,0.0,0.0,0.0,1.0,0.0,0.0,0.0,0.0,0.0,0.0,0.0,0.0,1754048076.0961251,0.02002435772751979,-0.00860428337306855,0.0,1754048076.0961251,map,base_link,0.04970121383666992,10.961571455001831
1754048076.1694393,0.0,0.0,0.0,0.0,0.0,0.0,1.0,0.0,0.0,0.0,0.0,0.0,0.0,0.0,0.0,1754048076.1584656,0.02002435772751979,-0.00860428337306855,0.0,1754048076.1584656,map,base_link,0.05044889450073242,11.012020349502563
1754048076.21914,0.0,0.0,0.0,0.0,0.0,0.0,1.0,0.0,0.0,0.0,0.0,0.0,0.0,0.0,0.0,1754048076.1959455,0.02002435772751979,-0.00860428337306855,0.0,1754048076.1959455,map,base_link,0.04970073699951172,11.061721086502075
1754048076.2760375,0.0,0.0,0.0,0.0,0.0,0.0,1.0,0.0,0.0,0.0,0.0,0.0,0.0,0.0,0.0,1754048076.2585025,0.02002435772751979,-0.00860428337306855,0.0,1754048076.2585025,map,base_link,0.05689740180969238,11.118618488311768
1754048076.3195686,0.0,0.0,0.0,0.0,0.0,0.0,1.0,0.0,0.0,0.0,0.0,0.0,0.0,0.0,0.0,1754048076.2959082,0.02002435772751979,-0.00860428337306855,0.0,1754048076.2959082,map,base_link,0.043531179428100586,11.162149667739868
1754048076.3690434,0.0,0.0,0.0,0.0,0.0,0.0,1.0,0.0,0.0,0.0,0.0,0.0,0.0,0.0,0.0,1754048076.3584013,0.02002435772751979,-0.00860428337306855,0.0,1754048076.3584013,map,base_link,0.04947471618652344,11.211624383926392
1754048076.4191978,0.0,0.0,0.0,0.0,0.0,0.0,1.0,0.0,0.0,0.0,0.0,0.0,0.0,0.0,0.0,1754048076.3959105,0.02002435772751979,-0.00860428337306855,0.0,1754048076.3959105,map,base_link,0.05015444755554199,11.261778831481934
1754048076.4689388,0.0,0.0,0.0,0.0,0.0,0.0,1.0,0.0,0.0,0.0,0.0,0.0,0.0,0.0,0.0,1754048076.4583097,0.02002435772751979,-0.00860428337306855,0.0,1754048076.4583097,map,base_link,0.04974102973937988,11.311519861221313
1754048076.5190673,0.0,0.0,0.0,0.0,0.0,0.0,1.0,0.0,0.0,0.0,0.0,0.0,0.0,0.0,0.0,1754048076.4958994,0.02002435772751979,-0.00860428337306855,0.0,1754048076.4958994,map,base_link,0.05012845993041992,11.361648321151733
1754048076.569055,0.0,0.0,0.0,0.0,0.0,0.0,1.0,0.0,0.0,0.0,0.0,0.0,0.0,0.0,0.0,1754048076.5583704,0.02002435772751979,-0.00860428337306855,0.0,1754048076.5583704,map,base_link,0.04998779296875,11.411636114120483
1754048076.6295588,0.0,0.0,0.0,0.0,0.0,0.0,1.0,0.0,0.0,0.0,0.0,0.0,0.0,0.0,0.0,1754048076.5958953,0.02002435772751979,-0.00860428337306855,0.0,1754048076.5958953,map,base_link,0.06050372123718262,11.472139835357666
1754048076.668915,0.0,0.0,0.0,0.0,0.0,0.0,1.0,0.0,0.0,0.0,0.0,0.0,0.0,0.0,0.0,1754048076.6583948,0.02002435772751979,-0.00860428337306855,0.0,1754048076.6583948,map,base_link,0.039356231689453125,11.51149606704712
1754048076.7192452,0.0,0.0,0.0,0.0,0.0,0.0,1.0,0.0,0.0,0.0,0.0,0.0,0.0,0.0,0.0,1754048076.6958532,0.02002435772751979,-0.00860428337306855,0.0,1754048076.6958532,map,base_link,0.050330162048339844,11.561826229095459
1754048076.7690287,0.0,0.0,0.0,0.0,0.0,0.0,1.0,0.0,0.0,0.0,0.0,0.0,0.0,0.0,0.0,1754048076.7584305,0.02002435772751979,-0.00860428337306855,0.0,1754048076.7584305,map,base_link,0.04978346824645996,11.611609697341919
1754048076.8193524,0.0,0.0,0.0,0.0,0.0,0.0,1.0,0.0,0.0,0.0,0.0,0.0,0.0,0.0,0.0,1754048076.7958467,0.02002435772751979,-0.00860428337306855,0.0,1754048076.7958467,map,base_link,0.0503237247467041,11.661933422088623
1754048076.876476,0.0,0.0,0.0,0.0,0.0,0.0,1.0,0.0,0.0,0.0,0.0,0.0,0.0,0.0,0.0,1754048076.8589401,0.02002435772751979,-0.00860428337306855,0.0,1754048076.8589401,map,base_link,0.057123661041259766,11.719057083129883
1754048076.919061,0.0,0.0,0.0,0.0,0.0,0.0,1.0,0.0,0.0,0.0,0.0,0.0,0.0,0.0,0.0,1754048076.8959346,0.02002435772751979,-0.00860428337306855,0.0,1754048076.8959346,map,base_link,0.042584896087646484,11.76164197921753
1754048076.9693513,0.0,0.0,0.0,0.0,0.0,0.0,1.0,0.0,0.0,0.0,0.0,0.0,0.0,0.0,0.0,1754048076.958371,0.02002435772751979,-0.00860428337306855,0.0,1754048076.958371,map,base_link,0.05029034614562988,11.81193232536316
1754048077.0195544,0.0,0.0,0.0,0.0,0.0,0.0,1.0,0.0,0.0,0.0,0.0,0.0,0.0,0.0,0.0,1754048076.9963882,0.02002435772751979,-0.00860428337306855,0.0,1754048076.9963882,map,base_link,0.05020308494567871,11.862135410308838
1754048077.0698006,0.0,0.0,0.0,0.0,0.0,0.0,1.0,0.0,0.0,0.0,0.0,0.0,0.0,0.0,0.0,1754048077.0588305,0.02002435772751979,-0.00860428337306855,0.0,1754048077.0588305,map,base_link,0.050246238708496094,11.912381649017334
1754048077.1247935,0.0,0.0,0.0,0.0,0.0,0.0,1.0,0.0,0.0,0.0,0.0,0.0,0.0,0.0,0.0,1754048077.095987,0.02002435772751979,-0.00860428337306855,0.0,1754048077.095987,map,base_link,0.0549929141998291,11.967374563217163
1754048077.1690767,0.0,0.0,0.0,0.0,0.0,0.0,1.0,0.0,0.0,0.0,0.0,0.0,0.0,0.0,0.0,1754048077.1583278,0.02002435772751979,-0.00860428337306855,0.0,1754048077.1583278,map,base_link,0.044283151626586914,12.01165771484375
1754048077.2203178,0.0,0.0,0.0,0.0,0.0,0.0,1.0,0.0,0.0,0.0,0.0,0.0,0.0,0.0,0.0,1754048077.195891,0.02002435772751979,-0.00860428337306855,0.0,1754048077.195891,map,base_link,0.051241159439086914,12.062898874282837
1754048077.2700102,0.0,0.0,0.0,0.0,0.0,0.0,1.0,0.0,0.0,0.0,0.0,0.0,0.0,0.0,0.0,1754048077.2586405,0.02002435772751979,-0.00860428337306855,0.0,1754048077.2586405,map,base_link,0.049692392349243164,12.11259126663208
1754048077.3194246,0.0,0.0,0.0,0.0,0.0,0.0,1.0,0.0,0.0,0.0,0.0,0.0,0.0,0.0,0.0,1754048077.2958338,0.02002435772751979,-0.00860428337306855,0.0,1754048077.2958338,map,base_link,0.04941439628601074,12.16200566291809
1754048077.37728,0.0,0.0,0.0,0.0,0.0,0.0,1.0,0.0,0.0,0.0,0.0,0.0,0.0,0.0,0.0,1754048077.3585448,0.02002435772751979,-0.00860428337306855,0.0,1754048077.3585448,map,base_link,0.05785536766052246,12.219861030578613
1754048077.4196582,0.0,0.0,0.0,0.0,0.0,0.0,1.0,0.0,0.0,0.0,0.0,0.0,0.0,0.0,0.0,1754048077.3966491,0.02002435772751979,-0.00860428337306855,0.0,1754048077.3966491,map,base_link,0.04237818717956543,12.262239217758179
1754048077.4694734,0.0,0.0,0.0,0.0,0.0,0.0,1.0,0.0,0.0,0.0,0.0,0.0,0.0,0.0,0.0,1754048077.4588556,0.02002435772751979,-0.00860428337306855,0.0,1754048077.4588556,map,base_link,0.04981517791748047,12.31205439567566
1754048077.5192616,0.0,0.0,0.0,0.0,0.0,0.0,1.0,0.0,0.0,0.0,0.0,0.0,0.0,0.0,0.0,1754048077.4959176,0.02002435772751979,-0.00860428337306855,0.0,1754048077.4959176,map,base_link,0.04978823661804199,12.361842632293701
1754048077.5691187,0.000322967219519311,3.4769315258587057e-07,0.0,0.0,0.0,0.0010765580222509724,0.9999994205112445,0.0025767019465702066,0.0,0.0,0.0,0.0,0.017178012977134713,0.03,0.12336448598130846,1754048077.5585248,0.020347140410378682,-0.008615205159597265,0.0,1754048077.5585248,map,base_link,0.049857139587402344,12.411699771881104
1754048077.6234484,0.0006459329417920789,1.3907709984495307e-06,0.0,0.0,0.0,0.0021531147967954072,0.9999976820456494,0.005173457970323013,0.0,0.0,0.0,0.0,0.03448971980215343,0.06,0.2467289719626168,1754048077.5966067,0.020669945860902234,-0.008625431932639175,0.0,1754048077.5966067,map,base_link,0.054329633712768555,12.466029405593872
1754048077.6699352,0.0009688956695787017,3.1292287020090452e-06,0.0,0.0,0.0,0.0032296690759282144,0.9999947846052298,0.00776266961325831,0.0,0.0,0.0,0.0,0.05175113075505542,0.1,0.37009345794392534,1754048077.6585028,0.020992772582593848,-0.008634963644783866,0.0,1754048077.6585028,map,base_link,0.046486854553222656,12.512516260147095
1754048077.7242372,0.0012918583973653246,4.8676864055685596e-06,0.0,0.0,0.0,0.0021531147967954072,0.9999976820456494,0.005164395087512393,0.0,0.0,0.0,0.0,9.352132238802657e-05,0.13,0.2467289719626168,1754048077.6960757,0.02131559930428546,-0.008644495356928555,0.0,1754048077.6960757,map,base_link,0.05430197715759277,12.566818237304688
1754048077.7689643,0.0022607530687754995,8.692301950011912e-06,0.0,0.0,0.0,0.0010765580222509724,0.9999994205112445,0.01021316053775059,0.0,0.0,0.0,0.0,-0.03362617357346973,0.23,0.12336448598130846,1754048077.7590728,0.02228403742587327,-0.008674480630423505,0.0,1754048077.7590728,map,base_link,0.04472708702087402,12.611545324325562
1754048077.819389,0.0025837202882948106,9.039995102597783e-06,0.0,0.0,0.0,0.0,1.0,0.010244075223862597,0.0,0.0,0.0,0.0,-0.03383227148088312,0.26,0.0,1754048077.7959788,0.022606820108732162,-0.00868540241695222,0.0,1754048077.7959788,map,base_link,0.050424814224243164,12.661970138549805
1754048077.8707726,0.003229654727333433,9.735381407769526e-06,0.0,0.0,0.0,0.0,1.0,0.01020628589069063,0.0,0.0,0.0,0.0,-0.033723741460114025,0.32,0.0,1754048077.8585598,0.02325238547444995,-0.008707245990009648,0.0,1754048077.8459866,map,base_link,0.05138349533081055,12.713353633880615
1754048077.919045,0.003552621946852744,9.387688255183655e-06,0.0,0.0,0.0,-0.0010765580222509724,0.9999994205112445,0.010315274926335025,0.0,0.0,0.0,0.0,-0.034450335031076654,0.36,-0.12336448598130846,1754048077.8959913,0.023575143893253134,-0.008718862739392779,0.0,1754048077.8959913,map,base_link,0.04827237129211426,12.76162600517273
1754048077.9691176,0.004198550396912135,6.60615270576048e-06,0.0,0.0,0.0,-0.0032296690759282144,0.9999947846052298,0.007704660521524019,0.0,0.0,0.0,0.0,-0.05136440347682678,0.42,-0.37009345794392534,1754048077.9599535,0.02422058195369756,-0.008744180908083977,0.0,1754048077.9599535,map,base_link,0.050072669982910156,12.81169867515564
1754048078.0195825,0.0048444608801448885,1.0431331866546088e-06,0.0,0.0,0.0,-0.005382765157154486,0.9999855128146922,0.010623560255096922,0.0,0.0,0.0,0.0,-0.07082373503397947,0.48,-0.6168224299065421,1754048077.9960775,0.024865905004170526,-0.008772278240064173,0.0,1754048077.9960775,map,base_link,0.05046486854553223,12.862163543701172
1754048078.069192,0.006782137431677115,-2.1208742333009767e-05,0.0,0.0,0.0,-0.005382765157154485,0.9999855128146922,0.021116332915250342,0.0,0.0,0.0,0.0,-0.036959484511023474,0.68,-0.6168224299065421,1754048078.058505,0.02680162518795008,-0.008862127749970538,0.0,1754048078.058505,map,base_link,0.04960942268371582,12.911772966384888
1754048078.1195428,0.008719813983209342,-4.3460617852674134e-05,0.0,0.0,0.0,-0.005382765157154485,0.9999855128146922,0.03356486858971671,0.0,0.0,0.0,0.0,-0.017613879068312247,0.87,-0.6168224299065421,1754048078.0962706,0.028737345371729638,-0.008951977259876903,0.0,1754048078.0962706,map,base_link,0.05035090446472168,12.96212387084961
1754048078.169591,0.011949136328263058,-9.074512323422737e-05,0.0,0.0,0.0,-0.00968887247614237,0.999953061773472,0.049158419889596405,0.0,0.0,0.0,0.0,-0.05229451117937832,1.19,-1.110280373831776,1754048078.1587389,0.03196305134868056,-0.009111913443948823,0.0,1754048078.1587389,map,base_link,0.050048112869262695,13.012171983718872
1754048078.2203743,0.015178010025406757,-0.0001623639123513213,0.0,0.0,0.0,-0.013994800128425623,0.9999020679893433,0.061811173453369485,0.0,0.0,0.0,0.0,-0.13632556569274196,1.52,-1.6037383177570093,1754048078.1965978,0.0351874598568122,-0.009296153438926279,0.0,1754048078.1965978,map,base_link,0.050783395767211914,13.062955379486084
1754048078.2693937,0.02195588580988385,-0.0004053464151025097,0.0,0.0,0.0,-0.021529501033405257,0.9997682134301193,0.09054336466087895,0.0,0.0,0.0,0.0,-0.21856608014655535,2.2,-2.467289719626169,1754048078.258723,0.04195272993202268,-0.009775487827329381,0.0,1754048078.258723,map,base_link,0.04901933670043945,13.111974716186523
1754048078.319276,0.027117684809094843,-0.0006472517838298953,0.0,0.0,0.0,-0.02583452290410845,0.9996662330129578,0.11377554785461161,0.0,0.0,0.0,0.0,-0.23581169648051623,2.71,-2.960747663551402,1754048078.296174,0.047102944905263386,-0.010197356106632263,0.0,1754048078.296174,map,base_link,0.04988241195678711,13.16185712814331
1754048078.3726573,0.037111529175818364,-0.0012466527233016913,0.0,0.0,0.0,-0.03551894892778832,0.9993690030549602,0.14042199969046726,0.0,0.0,0.0,0.0,-0.24140446480220135,3.71,-4.071028037383179,1754048078.3587496,0.057069788742102445,-0.01114510641372512,0.0,1754048078.3587496,map,base_link,0.05338120460510254,13.215238332748413
1754048078.4193769,0.04355210720516256,-0.001738508520308404,0.0,0.0,0.0,-0.03982212200348861,0.999206784704317,0.1603668541098542,0.0,0.0,0.0,0.0,-0.2748077781199709,4.36,-4.5644859813084135,1754048078.3963711,0.06348928254248055,-0.011861393244559896,0.0,1754048078.3963711,map,base_link,0.04671955108642578,13.261957883834839
1754048078.4690876,0.056098969998250335,-0.002845862450406277,0.0,0.0,0.0,-0.047350850005372834,0.9988783194182206,0.18638414597728065,0.0,0.0,0.0,0.0,-0.27449651541038117,5.62,-5.428037383177574,1754048078.4587636,0.07598986620163638,-0.013405869484428842,0.0,1754048078.4587636,map,base_link,0.049710750579833984,13.311668634414673
1754048078.5189784,0.06381196611536731,-0.0036143876665763338,0.0,0.0,0.0,-0.05165180038647416,0.9986651548526342,0.20054106701164862,0.0,0.0,0.0,0.0,-0.22550125603730126,6.39,-5.921495327102806,1754048078.4962769,0.07837540324163782,-0.01200762455143356,0.0,1754048078.4962769,map,base_link,0.049890756607055664,13.361559391021729
1754048078.56935,0.07761363630872035,-0.005155993916465492,0.0,0.0,0.0,-0.05917611085291196,0.9982475584264275,0.2142357032836452,0.0,0.0,0.0,0.0,-0.2230760346008195,7.78,-6.785046728971965,1754048078.5588553,0.07745993589990664,-0.006507149439342254,0.0,1754048078.5588553,map,base_link,0.050371646881103516,13.411931037902832
1754048078.6202822,0.08626929798522254,-0.006214189739828111,0.0,0.0,0.0,-0.062399811495703554,0.9980512329160767,0.22450560409841872,0.0,0.0,0.0,0.0,-0.22312953252904202,8.65,-7.155140186915888,1754048078.5964575,0.086135856964115,-0.007383876960454968,0.0,1754048078.5964575,map,base_link,0.05093216896057129,13.462863206863403
1754048078.6691952,0.1013142663069737,-0.008229344736721286,0.0,0.0,0.0,-0.06991919035912338,0.9975526586699694,0.24000780553392706,0.0,0.0,0.0,0.0,-0.22262825782559456,10.16,-8.018691588785048,1754048078.6588945,0.10121972118235148,-0.009083571553552439,0.0,1754048078.6588945,map,base_link,0.048913002014160156,13.511776208877563
1754048078.7191925,0.1093042911548922,-0.009391795619233484,0.0,0.0,0.0,-0.07528776912037159,0.9971618483580675,0.23239696060208237,0.0,0.0,0.0,0.0,-0.2400079666820163,10.97,-8.635514018691591,1754048078.6963644,0.10923233428945991,-0.010078468694166766,0.0,1754048078.6963644,map,base_link,0.04999732971191406,13.561773538589478
1754048078.7694361,0.12365573073649713,-0.011684233652377456,0.0,0.0,0.0,-0.08280007977616514,0.996566177827173,0.22823077123687416,0.0,0.0,0.0,0.0,-0.24196883023263593,12.42,-9.499065420560745,1754048078.7593372,0.10366947618577133,-0.01209846404516615,0.0,1754048078.7593372,map,base_link,0.05024361610412598,13.612017154693604
1754048078.8190267,0.1319285679761204,-0.013123486578417182,0.0,0.0,0.0,-0.08923547680122638,0.9960105570123531,0.22433462048705968,0.0,0.0,0.0,0.0,-0.2930582100389989,13.26,-10.239252336448597,1754048078.796575,0.11202549335047254,-0.012928079692095485,0.0,1754048078.796575,map,base_link,0.0495905876159668,13.66160774230957
1754048078.8693357,0.1468454219035069,-0.01593424403622355,0.0,0.0,0.0,-0.09673871547131045,0.9953098115305409,0.23765203782567262,0.0,0.0,0.0,0.0,-0.2760962499976168,14.77,-11.10280373831775,1754048078.8588939,0.12710811887731582,-0.014639013879788398,0.0,1754048078.8588939,map,base_link,0.050308942794799805,13.71191668510437
1754048078.9193907,0.15602629620694872,-0.017787303198203142,0.0,0.0,0.0,-0.10209483297369364,0.9947746705058758,0.24314131815779225,0.0,0.0,0.0,0.0,-0.27557812598268355,15.7,-11.7196261682243,1754048078.8963766,0.1364000361868662,-0.015814834421313834,0.0,1754048078.8963766,map,base_link,0.05005502700805664,13.761971712112427
1754048078.9811742,0.17213131219751593,-0.021240808472427115,0.0,0.0,0.0,-0.10958839306632862,0.9939770541139971,0.25599877036262625,0.0,0.0,0.0,0.0,-0.2578444180880736,17.34,-12.583177570093453,1754048078.9587846,0.13274904828470496,-0.018263784973862662,0.0,1754048078.9587846,map,base_link,0.061783552169799805,13.823755264282227
1754048079.0195897,0.18220820438051386,-0.023535754171110368,0.0,0.0,0.0,-0.11386766046818753,0.9934959264634665,0.26402135355946305,0.0,0.0,0.0,0.0,-0.24266227723037043,18.37,-13.076635514018689,1754048078.9963887,0.14305021978002203,-0.01909828940868435,0.0,1754048078.9963887,map,base_link,0.03841543197631836,13.862170696258545
1754048079.0693834,0.1985434490243834,-0.02743500497955637,0.0,0.0,0.0,-0.12028257768780862,0.9927396947361258,0.2689573081922068,0.0,0.0,0.0,0.0,-0.20876869394076186,20.04,-13.816822429906535,1754048079.0588186,0.1597745613389,-0.020628248187286553,0.0,1754048079.0588186,map,base_link,0.04979372024536133,13.911964416503906
1754048079.119459,0.20793690555531927,-0.029809632582835244,0.0,0.0,0.0,-0.12669247635150366,0.9919420428815,0.26797235864659574,0.0,0.0,0.0,0.0,-0.26105158399006767,21.01,-14.557009345794382,1754048079.0965168,0.1694106446547035,-0.021639079619192675,0.0,1754048079.0965168,map,base_link,0.050075531005859375,13.962039947509766
1754048079.1692173,0.22354215315798512,-0.03396185703727057,0.0,0.0,0.0,-0.1330970890187544,0.9911030041800568,0.26133679568815926,0.0,0.0,0.0,0.0,-0.25851543458452675,22.61,-15.297196261682233,1754048079.158836,0.19332435719935737,-0.023494423506721235,0.0,1754048079.158836,map,base_link,0.0497584342956543,14.01179838180542
1754048079.2220366,0.23318502716456685,-0.03665521317104964,0.0,0.0,0.0,-0.13843003553461342,0.9903722155138873,0.26128578355164367,0.0,0.0,0.0,0.0,-0.2581940702926001,23.6,-15.91401869158878,1754048079.1964657,0.21536460204659674,-0.02484410731030348,0.0,1754048079.1964657,map,base_link,0.052819252014160156,14.06461763381958
1754048079.2696013,0.24930411308378028,-0.04136898334545853,0.0,0.0,0.0,-0.1448242633455604,0.9894573930930103,0.2651976396432215,0.0,0.0,0.0,0.0,-0.22271358412259595,25.27,-16.654205607476623,1754048079.259383,0.23196545315537237,-0.027385032848841154,0.0,1754048079.259383,map,base_link,0.04756474494934082,14.112182378768921
1754048079.3194802,0.25857666904635335,-0.04417909870192027,0.0,0.0,0.0,-0.14695434300339638,0.9891432763115969,0.26629631805746984,0.0,0.0,0.0,0.0,-0.18970316343161275,26.23,-16.900934579439248,1754048079.2965312,0.24152817142060895,-0.028944347369835192,0.0,1754048079.2965312,map,base_link,0.049878835678100586,14.162061214447021
1754048079.369331,0.27553448549426196,-0.0494663932643399,0.0,0.0,0.0,-0.15653112829197177,0.9876730257912495,0.2718707591435977,0.0,0.0,0.0,0.0,-0.22461458462204167,27.99,-18.011214953271004,1754048079.3589323,0.25903622607894583,-0.031942854423593875,0.0,1754048079.3589323,map,base_link,0.0498507022857666,14.211911916732788
1754048079.4191062,0.28594908685920045,-0.052946881646739254,0.0,0.0,0.0,-0.1629075435983014,0.9866413392103371,0.27253800188014193,0.0,0.0,0.0,0.0,-0.25915294714550974,29.08,-18.751401869158872,1754048079.4034986,0.26985874399764664,-0.024067880544917385,0.0,1754048079.4034986,map,base_link,0.04977536201477051,14.261687278747559
1754048079.5011466,0.30152625659110277,-0.058300034390445565,0.0,0.0,0.0,-0.16609321899343044,0.9861100560304618,0.30111039224669006,0.0,0.0,0.0,0.0,-0.26522345658820007,30.71,-19.121495327102785,1754048079.4588988,0.2862013462229687,-0.026123072423755396,0.0,1754048079.4588988,map,base_link,0.08204030990600586,14.343727588653564
1754048079.5190082,0.3109845919288758,-0.06158329906386377,0.0,0.0,0.0,-0.1671547274359197,0.9859306756034236,0.2901402627205628,0.0,0.0,0.0,0.0,-0.14790232654969898,31.7,-19.2448598130841,1754048079.4964776,0.29613116717434007,-0.027403146699408982,0.0,1754048079.4964776,map,base_link,0.017861604690551758,14.361589193344116
1754048079.569433,0.32588865415166657,-0.06690400804535016,0.0,0.0,0.0,-0.1724593391224161,0.9850166376003298,0.2594439617396795,0.0,0.0,0.0,0.0,-0.12265024474401418,33.27,-19.86168224299064,1754048079.5591497,0.3118082476750855,-0.02956420240892555,0.0,1754048079.5591497,map,base_link,0.050424814224243164,14.41201400756836
1754048079.6264777,0.3352914165202273,-0.07034316337915411,0.0,0.0,0.0,-0.17563971745261342,0.9844545137552908,0.2593739852949938,0.0,0.0,0.0,0.0,-0.15563087686496668,34.26,-20.231775700934573,1754048079.597055,0.3217191251720508,-0.03403300467346549,0.0,1754048079.597055,map,base_link,0.05704474449157715,14.469058752059937
1754048079.6690743,0.35012234704619605,-0.075864436175377,0.0,0.0,0.0,-0.1809362603829248,0.9834948244290066,0.25628001023788854,0.0,0.0,0.0,0.0,-0.15883239543036023,35.82,-20.84859813084113,1754048079.6588297,0.3373510681516329,-0.04342760380185291,0.0,1754048079.6588297,map,base_link,0.04259657859802246,14.511655330657959
1754048079.7236533,0.35916951199764807,-0.07933223883876389,0.0,0.0,0.0,-0.18305341823998247,0.9831029681933923,0.25921398159669046,0.0,0.0,0.0,0.0,-0.1374874002219463,36.78,-21.095327102803722,1754048079.6964667,0.3469051193362468,-0.04503911083961372,0.0,1754048079.6964667,map,base_link,0.05457901954650879,14.566234350204468
1754048079.769594,0.37390852318238915,-0.08509456559882747,0.0,0.0,0.0,-0.18622756079896993,0.9825066389591808,0.2592405047991353,0.0,0.0,0.0,0.0,-0.15495370992504962,38.35,-21.465420560747667,1754048079.7588775,0.36249221064255294,-0.04777506496981086,0.0,1754048079.7588775,map,base_link,0.04594063758850098,14.612174987792969
1754048079.8199906,0.38231465650680857,-0.08842836453284884,0.0,0.0,0.0,-0.18834257871427784,0.9821033922369152,0.25440351735734595,0.0,0.0,0.0,0.0,-0.12045644106918878,39.24,-21.712149532710274,1754048079.7963438,0.37139139035561863,-0.049381892040455566,0.0,1754048079.7963438,map,base_link,0.05039668083190918,14.662571668624878
1754048079.8696332,0.39667981893322346,-0.0942562666747741,0.0,0.0,0.0,-0.19468235442636955,0.9808663420033361,0.2517766592257462,0.0,0.0,0.0,0.0,-0.15986331478796895,40.77,-22.452336448598107,1754048079.858882,0.3866249647699079,-0.0522560085094685,0.0,1754048079.858882,map,base_link,0.04964256286621094,14.712214231491089
1754048079.9193256,0.4047238305369397,-0.09762287988208226,0.0,0.0,0.0,-0.19784921277342357,0.980232466818426,0.2431075544524417,0.0,0.0,0.0,0.0,-0.1725886845671153,41.63,-22.82242990654205,1754048079.8963678,0.39517866869445967,-0.014112733312526327,0.0,1754048079.8963678,map,base_link,0.049692392349243164,14.761906623840332
1754048079.98035,0.41869851996870766,-0.10354938108082913,0.0,0.0,0.0,-0.2010140073969782,0.9795883670349539,0.24024294551226225,0.0,0.0,0.0,0.0,-0.155031263006015,43.13,-23.19252336448596,1754048079.9589088,0.41019588679018404,-0.016325993766825482,0.0,1754048079.9589088,map,base_link,0.06102442741394043,14.822931051254272
1754048080.0196276,0.4275935147240194,-0.10739066759316275,0.0,0.0,0.0,-0.2052304662717278,0.9787136740200829,0.24304747280386318,0.0,0.0,0.0,0.0,-0.13882389056100716,44.09,-23.685981308411215,1754048079.9964085,0.41977185449234933,-0.017801546657760486,0.0,1754048079.9964085,map,base_link,0.03927755355834961,14.862208604812622
1754048080.0695763,0.44201067542247463,-0.11391599297850884,0.0,0.0,0.0,-0.21470346509584887,0.9766792831200197,0.25286048812818107,0.0,0.0,0.0,0.0,-0.24238115668864788,45.65,-24.796261682243,1754048080.0588713,0.43536817882334006,-0.02048278915933885,0.0,1754048080.0588713,map,base_link,0.049948692321777344,14.9121572971344
1754048080.1197495,0.45020890974960104,-0.11773256823885964,0.0,0.0,0.0,-0.216805870039227,0.9762147380144052,0.24977563408685843,0.0,0.0,0.0,0.0,-0.259818992993031,46.53,-25.042990654205596,1754048080.0969393,0.4502482860328693,-0.02811746730613437,0.0,1754048080.0969393,map,base_link,0.050173282623291016,14.96233057975769
1754048080.1690521,0.4636581345198266,-0.1240439661871389,0.0,0.0,0.0,-0.21890726989038597,0.9757456672663926,0.2377634527321987,0.0,0.0,0.0,0.0,-0.10491324819743988,48.0,-25.289719626168225,1754048080.1588168,0.478899370490722,-0.04472576995307005,0.0,1754048080.1588168,map,base_link,0.04930257797241211,15.011633157730103
1754048080.2327757,0.47154117404579177,-0.12777199251506777,0.0,0.0,0.0,-0.21995758986185684,0.9755094354552206,0.23769437445502734,0.0,0.0,0.0,0.0,-0.07027265512113068,48.85,-25.413084112149537,1754048080.196376,0.4874892967586449,-0.04622698918466396,0.0,1754048080.196376,map,base_link,0.06372356414794922,15.075356721878052
1754048080.2691917,0.48520531819801344,-0.1343829747692581,0.0,0.0,0.0,-0.22520534149513632,0.9743113230184995,0.23654445748821096,0.0,0.0,0.0,0.0,-0.12129038979871243,50.35,-26.02990654205606,1754048080.2588627,0.502418282913863,-0.04897276669845096,0.0,1754048080.2588627,map,base_link,0.036416053771972656,15.111772775650024
1754048080.3193345,0.49302850169567525,-0.13823499468361003,0.0,0.0,0.0,-0.2283508701106558,0.9735789028731603,0.24089390249238524,0.0,0.0,0.0,0.0,-0.15531615138456453,51.2,-26.40000000000001,1754048080.2964427,0.5109834226481228,-0.05060942145473194,0.0,1754048080.2964427,map,base_link,0.050142765045166016,15.16191554069519
1754048080.3692858,0.5065751343837183,-0.1450834273399584,0.0,0.0,0.0,-0.23568111735137076,0.971830443505455,0.24347125784329432,0.0,0.0,0.0,0.0,-0.19151765513840396,52.69,-27.26355140186916,1754048080.358969,0.5059003429730258,-0.03357660498593139,0.0,1754048080.358969,map,base_link,0.04995131492614746,15.211866855621338
1754048080.4190338,0.5140227756424156,-0.14896212257037658,0.0,0.0,0.0,-0.23986384747692854,0.970806538231776,0.23513770872230816,0.0,0.0,0.0,0.0,-0.22377496903587385,53.52,-27.757009345794383,1754048080.3963673,0.514186764556232,-0.034935595182398166,0.0,1754048080.3963673,map,base_link,0.04974794387817383,15.261614799499512
1754048080.4699795,0.5274103368919372,-0.15611658363949155,0.0,0.0,0.0,-0.2450859961332535,0.9695013432168987,0.23778484789968157,0.0,0.0,0.0,0.0,-0.2065947624543795,55.0,-28.373831775700953,1754048080.4588153,0.5291390048605232,-0.03755162639052716,0.0,1754048080.4588153,map,base_link,0.05094575881958008,15.312560558319092
1754048080.5195549,0.5359154526243541,-0.16075768340067403,0.0,0.0,0.0,-0.2492586094412528,0.9684369600647287,0.2427177231051611,0.0,0.0,0.0,0.0,-0.2060626667527647,55.95,-28.867289719626168,1754048080.496459,0.5386680995851111,-0.039304667846080305,0.0,1754048080.496459,map,base_link,0.0495753288269043,15.362135887145996
1754048080.5693085,0.5491645919629858,-0.16816535835930432,0.0,0.0,0.0,-0.2544678671111252,0.9670812295810082,0.24779543125587397,0.0,0.0,0.0,0.0,-0.1714587765972454,57.43,-29.484112149532702,1754048080.5589864,0.5697594715715001,-0.042253793499466244,0.0,1754048080.5589864,map,base_link,0.049753665924072266,15.411889553070068
1754048080.618936,0.5578532673938492,-0.17313990413025523,0.0,0.0,0.0,-0.25966975173470636,0.9656974785273263,0.2529755883366025,0.0,0.0,0.0,0.0,-0.20587511340835157,58.41,-30.100934579439254,1754048080.5966,0.6034535798578159,-0.04393938968716386,0.0,1754048080.5966,map,base_link,0.04962754249572754,15.461517095565796
1754048080.6743784,0.5709165012158216,-0.18087062030191453,0.0,0.0,0.0,-0.26693971655793886,0.9637132289866978,0.2536810958161172,0.0,0.0,0.0,0.0,-0.23180476575180703,59.89,-30.964485981308393,1754048080.6589255,0.6184013532558785,-0.046580624408738364,0.0,1754048080.6589255,map,base_link,0.05544233322143555,15.516959428787231
1754048080.7270951,0.5792135913301208,-0.18587415773762905,0.0,0.0,0.0,-0.2690140830170604,0.9631362432898526,0.25380332048378007,0.0,0.0,0.0,0.0,-0.1970526832382529,60.83,-31.21121495327103,1754048080.6964948,0.6279282567451298,-0.04834561765005435,0.0,1754048080.6964948,map,base_link,0.052716732025146484,15.569676160812378
1754048080.7693985,0.5924378668557285,-0.19396384299821479,0.0,0.0,0.0,-0.27315906495032666,0.961968879556643,0.2482538461147154,0.0,0.0,0.0,0.0,-0.1383572801853255,62.34,-31.704672897196254,1754048080.7589211,0.6391756546161756,-0.055266864327430096,0.0,1754048080.7589211,map,base_link,0.04230332374572754,15.611979484558105
1754048080.8250096,0.6001347252417979,-0.19871103058613118,0.0,0.0,0.0,-0.27315906495032666,0.961968879556643,0.2511410147423363,0.0,0.0,0.0,0.0,-0.08752990216372841,63.22,-31.704672897196254,1754048080.796591,0.6420313643020721,-0.06299857231353151,0.0,1754048080.796591,map,base_link,0.05561113357543945,15.667590618133545
1754048080.8698063,0.6124944569676158,-0.20635698348599477,0.0,0.0,0.0,-0.2741945219721625,0.9616742505237713,0.23848739337300576,0.0,0.0,0.0,0.0,-0.058298306053019375,64.63,-31.82803738317756,1754048080.8589652,0.6563100450539915,-0.06570833984339278,0.0,1754048080.8589652,map,base_link,0.04479670524597168,15.712387323379517
1754048080.919336,0.6201682158296433,-0.21114139558092057,0.0,0.0,0.0,-0.2762644814602772,0.9610816491243,0.23976711145552154,0.0,0.0,0.0,0.0,-0.07459184434779738,65.51,-32.07476635514017,1754048080.8965898,0.6651885773652263,-0.06742555799056514,0.0,1754048080.8965898,map,base_link,0.0495297908782959,15.761917114257812
1754048080.9769964,0.6308080426217899,-0.21788266620092103,0.0,0.0,0.0,-0.2814337559796271,0.9595806589313896,0.24415953944918697,0.0,0.0,0.0,0.0,-0.14358049956375413,66.74,-32.6915887850467,1754048080.9462948,0.6775373951874474,-0.06990695721933837,0.0,1754048080.9462948,map,base_link,0.05766034126281738,15.81957745552063
1754048081.0193048,0.6411223788113628,-0.2245336127954603,0.0,0.0,0.0,-0.2834991909444919,0.958972475482909,0.24543860547561008,0.0,0.0,0.0,0.0,-0.15532569841400407,67.93,-32.938317757009315,1754048080.9964757,0.6995330727018453,-0.07260590297599079,0.0,1754048080.9964757,map,base_link,0.04230833053588867,15.861885786056519
1754048081.069009,0.6533150090175529,-0.23244330789976167,0.0,0.0,0.0,-0.2845314161714977,0.9586667164408296,0.23763721773373722,0.0,0.0,0.0,0.0,-0.06873814479455943,69.34,-33.06168224299064,1754048081.0589776,0.7138555219175367,-0.07507388929115712,0.0,1754048081.0589776,map,base_link,0.04970431327819824,15.911590099334717
1754048081.1254864,0.6614203869427733,-0.23775177599716288,0.0,0.0,0.0,-0.28659487613302753,0.9580518654928315,0.24225624999108283,0.0,0.0,0.0,0.0,-0.06895261569396996,70.29,-33.30841121495324,1754048081.096827,0.72021706192457,-0.07619368354730036,0.0,1754048081.0838358,map,base_link,0.05647730827331543,15.968067407608032
1754048081.1693945,0.6737771588304736,-0.24599939252933692,0.0,0.0,0.0,-0.2927772460183314,0.9561806755074699,0.2404563139720283,0.0,0.0,0.0,0.0,-0.15632197131265418,71.73,-34.0485981308411,1754048081.1589088,0.7380029807004542,-0.07947471191629296,0.0,1754048081.1589088,map,base_link,0.043908119201660156,16.011975526809692
1754048081.2215087,0.6807245870551314,-0.25071589167720154,0.0,0.0,0.0,-0.29483533413488516,0.9555480761037461,0.2335093142716515,0.0,0.0,0.0,0.0,-0.15485299875680464,72.54,-34.29532710280372,1754048081.1976078,0.746254591162864,-0.08104684167623988,0.0,1754048081.1976078,map,base_link,0.052114248275756836,16.06408977508545
1754048081.2693515,0.6929560570232128,-0.2591482367613196,0.0,0.0,0.0,-0.3010013593736933,0.953623710724093,0.2325699589560358,0.0,0.0,0.0,0.0,-0.17134738469099683,73.98,-35.03551401869155,1754048081.258992,0.7608022531861971,-0.08402825639627967,0.0,1754048081.258992,map,base_link,0.04784274101257324,16.111932516098022
1754048081.3194273,0.700599072762897,-0.26456177518019214,0.0,0.0,0.0,-0.30613013119434435,0.951989675771189,0.2382324844825318,0.0,0.0,0.0,0.0,-0.2069789229552414,74.89,-35.65233644859811,1754048081.2965703,0.7699457459555831,-0.08605769666045462,0.0,1754048081.2965703,map,base_link,0.05007576942443848,16.16200828552246
1754048081.3695755,0.7123557809297277,-0.27310582878550416,0.0,0.0,0.0,-0.3112500330871172,0.950328057516597,0.2392954307649721,0.0,0.0,0.0,0.0,-0.2430796483931536,76.29,-36.269158878504626,1754048081.3589866,0.7809537392080591,-0.08862680151399102,0.0,1754048081.3465712,map,base_link,0.05014824867248535,16.212156534194946
1754048081.4197385,0.7193696418409824,-0.278287142574132,0.0,0.0,0.0,-0.31431765493467084,0.9493178665738727,0.2397710253457898,0.0,0.0,0.0,0.0,-0.20857574057605816,77.13,-36.63925233644858,1754048081.3965724,0.7925680318539307,-0.09143841727643444,0.0,1754048081.3965724,map,base_link,0.05016303062438965,16.262319564819336
1754048081.4691784,0.7322465447433621,-0.2880313233066416,0.0,0.0,0.0,-0.32248186444287835,0.9465756425692798,0.2503046516605164,0.0,0.0,0.0,0.0,-0.22230693335124654,78.69,-37.62616822429902,1754048081.4593036,0.8007310512919475,-0.09177592753492617,0.0,1754048081.4593036,map,base_link,0.04943990707397461,16.31175947189331
1754048081.518994,0.7393925994889501,-0.2935730914697334,0.0,0.0,0.0,-0.32451920296693987,0.9458791079761208,0.24834440869469837,0.0,0.0,0.0,0.0,-0.2058893499997318,79.55,-37.872897196261654,1754048081.4966116,0.7969580724034967,-0.08789956367535065,0.0,1754048081.4966116,map,base_link,0.04981565475463867,16.36157512664795
1754048081.5692792,0.7513318162026047,-0.3029469843342476,0.0,0.0,0.0,-0.3296059467024045,0.9441185941916469,0.24032248568549744,0.0,0.0,0.0,0.0,-0.18911439940157057,81.01,-38.48971962616817,1754048081.5589821,0.8118198633077109,-0.09098856582659848,0.0,1754048081.5589821,map,base_link,0.05028510093688965,16.41186022758484
1754048081.6386187,0.7583891788882017,-0.3086012410023796,0.0,0.0,0.0,-0.33366847266610616,0.9426904849146766,0.242912350667757,0.0,0.0,0.0,0.0,-0.17245750166758056,81.88,-38.98317757009342,1754048081.596623,0.8206551399871274,-0.09291596628922462,0.0,1754048081.596623,map,base_link,0.06933951377868652,16.481199741363525
1754048081.6695635,0.7698746868143912,-0.31802436307724635,0.0,0.0,0.0,-0.33975063669027467,0.940515552698919,0.2405450617934156,0.0,0.0,0.0,0.0,-0.22403991838392204,83.3,-39.723364485981286,1754048081.659023,0.8351324062667332,-0.09625076508822158,0.0,1754048081.659023,map,base_link,0.03094482421875,16.512144565582275
1754048081.7191808,0.7768051128365305,-0.3238335192270155,0.0,0.0,0.0,-0.3437975531064332,0.9390437915656699,0.24063964761346224,0.0,0.0,0.0,0.0,-0.22378656366536873,84.16,-40.21682242990649,1754048081.6965444,0.8439228410767855,-0.09837334744727544,0.0,1754048081.6965444,map,base_link,0.04961729049682617,16.5617618560791
1754048081.7693963,0.788351852015404,-0.33368678234842125,0.0,0.0,0.0,-0.348847224649855,0.937179605974273,0.24108818634968748,0.0,0.0,0.0,0.0,-0.1877737510249696,85.61,-40.83364485981306,1754048081.7590227,0.8658856258746287,-0.10121944887422828,0.0,1754048081.7465742,map,base_link,0.05021548271179199,16.611977338790894
1754048081.821483,0.7954362678016723,-0.3398132851824662,0.0,0.0,0.0,-0.3498559507199124,0.9368035086109927,0.24364527791251608,0.0,0.0,0.0,0.0,-0.13619254181156046,86.5,-40.95700934579435,1754048081.796538,0.8778702929472951,-0.10386300269291499,0.0,1754048081.796538,map,base_link,0.052086591720581055,16.664063930511475
1754048081.869409,0.8065807607859081,-0.34963738188397353,0.0,0.0,0.0,-0.355899751276291,0.934524139357285,0.242904697118724,0.0,0.0,0.0,0.0,-0.17247751485794266,87.91,-41.697196261682215,1754048081.8589916,0.8923457960324731,-0.1072055182586599,0.0,1754048081.8589916,map,base_link,0.04792618751525879,16.711990118026733
1754048081.91927,0.8132939249345014,-0.35569623314886606,0.0,0.0,0.0,-0.3619287026097795,0.9322057789067829,0.24026786924538707,0.0,0.0,0.0,0.0,-0.22372318517078535,88.77,-42.43738317757005,1754048081.896649,0.9011325577983688,-0.10934305637655303,0.0,1754048081.896649,map,base_link,0.04986095428466797,16.7618510723114
1754048081.969459,0.8239507669699715,-0.3655780606129285,0.0,0.0,0.0,-0.3689433758435504,0.9294518736444425,0.23772461963214592,0.0,0.0,0.0,0.0,-0.24086165767237544,90.14,-43.30093457943922,1754048081.959042,0.9351999321872807,-0.13297118801661428,0.0,1754048081.959042,map,base_link,0.05018901824951172,16.812040090560913
1754048082.024929,0.8302813983462017,-0.3715749948882802,0.0,0.0,0.0,-0.3719432736320707,0.928255461174271,0.23345903562557968,0.0,0.0,0.0,0.0,-0.24427846710156445,90.96,-43.67102803738317,1754048081.9965649,0.9436047238406942,-0.13529489014625853,0.0,1754048081.9965649,map,base_link,0.05546998977661133,16.867510080337524
1754048082.0695853,0.8414584512374362,-0.38231731444585537,0.0,0.0,0.0,-0.37593709691775595,0.9266451851496611,0.2383726124271582,0.0,0.0,0.0,0.0,-0.17449318807619527,92.42,-44.164485981308374,1754048082.058998,0.9585162986071314,-0.13953386157756875,0.0,1754048082.058998,map,base_link,0.04465627670288086,16.912166357040405
1754048082.134072,0.8479318603277591,-0.3886317704470379,0.0,0.0,0.0,-0.3779313989722516,0.9258336015023849,0.24756039643125333,0.0,0.0,0.0,0.0,-0.15704278914764894,93.28,-44.41121495327099,1754048082.0965455,0.967196203252644,-0.14207091403787658,0.0,1754048082.0965455,map,base_link,0.06448674201965332,16.97665309906006
1754048082.1697583,0.858722117345666,-0.3993081299595843,0.0,0.0,0.0,-0.3829094686615313,0.9237858728132531,0.24303467690606523,0.0,0.0,0.0,0.0,-0.17119638515111513,94.7,-45.028037383177576,1754048082.159015,0.9817093182591266,-0.12659463228625722,0.0,1754048082.159015,map,base_link,0.03568625450134277,17.0123393535614
1754048082.2194622,0.8653019228068093,-0.40597358177496623,0.0,0.0,0.0,-0.387876443789953,0.9217113780098732,0.2454844354396522,0.0,0.0,0.0,0.0,-0.1890851109773714,95.58,-45.64485981308407,1754048082.1966534,0.9907655837541616,-0.12898338574634954,0.0,1754048082.1966534,map,base_link,0.04970383644104004,17.06204319000244
1754048082.2736325,0.8758543217667244,-0.4168850912683909,0.0,0.0,0.0,-0.39283218044254004,0.919610177199426,0.24549610343665695,0.0,0.0,0.0,0.0,-0.2239844540765164,97.0,-46.26168224299066,1754048082.2590954,1.0026029298532528,-0.13222329404786928,0.0,1754048082.2466838,map,base_link,0.05417037010192871,17.11621356010437
1754048082.3192306,0.8829617335863924,-0.42438805689802767,0.0,0.0,0.0,-0.39876402748690576,0.9170535700723389,0.2541130216806221,0.0,0.0,0.0,0.0,-0.24252476978538925,97.97,-47.001869158878456,1754048082.2965727,1.01533916423653,-0.13584639915920954,0.0,1754048082.2965727,map,base_link,0.04559803009033203,17.161811590194702
1754048082.3690789,0.8942963637421129,-0.4367803108017598,0.0,0.0,0.0,-0.4066472334115516,0.9135852601474758,0.2684058074572925,0.0,0.0,0.0,0.0,-0.275799512436528,99.53,-47.988785046728935,1754048082.3591063,1.031630199000015,-0.1408278377806032,0.0,1754048082.3591063,map,base_link,0.049848318099975586,17.211659908294678
1754048082.4194767,0.900760812605036,-0.44399750456044673,0.0,0.0,0.0,-0.40861334476358585,0.912707584323213,0.2662264346172508,0.0,0.0,0.0,0.0,-0.25900006201210024,100.42,-48.23551401869159,1754048082.396576,1.0407222373534395,-0.14351760383107565,0.0,1754048082.396576,map,base_link,0.05039787292480469,17.262057781219482
1754048082.4804716,0.9108545343828318,-0.45533474091313153,0.0,0.0,0.0,-0.4095956906486195,0.9122671594451268,0.25323483572738964,0.0,0.0,0.0,0.0,-0.10390455433303894,101.83,-48.35887850467288,1754048082.4590144,1.0553757242870438,-0.14747884961124091,0.0,1754048082.4590144,map,base_link,0.060994863510131836,17.323052644729614
1754048082.5353153,0.9168680042793007,-0.4620886730133483,0.0,0.0,0.0,-0.4095956906486195,0.9122671594451268,0.2408340130524528,0.0,0.0,0.0,0.0,-0.037094732961085765,102.67,-48.35887850467288,1754048082.4979248,1.064105528243551,-0.1498384982908177,0.0,1754048082.4979248,map,base_link,0.05484366416931152,17.377896308898926
1754048082.569203,0.9291663032046454,-0.4762177792076707,0.0,0.0,0.0,-0.4193928527463954,0.9078048441516714,0.2698468478783651,0.0,0.0,0.0,0.0,-0.17829228035932232,104.41,-49.59252336448595,1754048082.5590854,1.0821323284784383,-0.15492910450216824,0.0,1754048082.5590854,map,base_link,0.033887624740600586,17.411783933639526
1754048082.619171,0.9352043911985348,-0.48337768057373204,0.0,0.0,0.0,-0.42036991430056264,0.9073528173488732,0.2762605391224251,0.0,0.0,0.0,0.0,-0.21173696747711684,105.27,-49.71588785046724,1754048082.5965292,1.0911047664051472,-0.14760432081062475,0.0,1754048082.5965292,map,base_link,0.04996800422668457,17.46175193786621
1754048082.6693676,0.9452898389893657,-0.4951508885655165,0.0,0.0,0.0,-0.4184153051253429,0.908255818829071,0.2587407476319791,0.0,0.0,0.0,0.0,-0.04872788298905997,106.71,-49.469158878504594,1754048082.660272,1.1059594216250836,-0.15203872064106483,0.0,1754048082.660272,map,base_link,0.05019664764404297,17.511948585510254
1754048082.71931,0.9526201302822106,-0.5037557746815631,0.0,0.0,0.0,-0.41939285274639515,0.9078048441516714,0.2514404821713846,0.0,0.0,0.0,0.0,0.05310366865282272,107.76,-49.59252336448592,1754048082.701511,1.1167820047847816,-0.15530199036015158,0.0,1754048082.701511,map,base_link,0.0499424934387207,17.561891078948975
1754048082.7811048,0.9611964762968173,-0.513844765625927,0.0,0.0,0.0,-0.41841530512534325,0.9082558188290708,0.2459827783414584,0.0,0.0,0.0,0.0,-0.01571331216282039,108.99,-49.46915887850464,1754048082.7590296,1.12945586986339,-0.15913795089265836,0.0,1754048082.7590296,map,base_link,0.06179475784301758,17.623685836791992
1754048082.8190484,0.9666713707898343,-0.5202116788345386,0.0,0.0,0.0,-0.4164587562149702,0.9091546097182152,0.23515215559141317,0.0,0.0,0.0,0.0,0.05182857479105739,109.78,-49.22242990654205,1754048082.7966256,1.137506634766866,-0.16152483965936235,0.0,1754048082.7966256,map,base_link,0.03794360160827637,17.66162943840027
1754048082.869657,0.9761612039753613,-0.5312192527005972,0.0,0.0,0.0,-0.41743727257036223,0.908705740858402,0.22482109496253394,0.0,0.0,0.0,0.0,0.05185394710790496,111.13,-49.34579439252334,1754048082.8590407,1.1512979114494661,-0.16614061018076662,0.0,1754048082.8590407,map,base_link,0.05060863494873047,17.712238073349
1754048082.9250166,0.9814148741834422,-0.5373504339258052,0.0,0.0,0.0,-0.4184153051253431,0.9082558188290709,0.22483804531119214,0.0,0.0,0.0,0.0,-0.017485479306354298,111.89,-49.46915887850462,1754048082.8966498,1.1591646988910516,-0.16795887562358053,0.0,1754048082.8966498,map,base_link,0.055359601974487305,17.767597675323486
1754048082.9692163,0.9898059535704831,-0.5471729841151748,0.0,0.0,0.0,-0.4184153051253435,0.9082558188290707,0.21216767480493695,0.0,0.0,0.0,0.0,-0.03513934067918122,113.1,-49.469158878504665,1754048082.9590197,1.171747162592911,-0.17088706835864745,0.0,1754048082.9590197,map,base_link,0.04419970512390137,17.811797380447388
1754048083.0288773,0.9956529965574238,-0.5540714575396823,0.0,0.0,0.0,-0.42232257467923917,0.9064456094638544,0.22037476349337473,0.0,0.0,0.0,0.0,-0.08703125989941737,113.94,-49.9626168224299,1754048082.9966009,1.1805468459636388,-0.17297091572702786,0.0,1754048082.9966009,map,base_link,0.059660911560058594,17.871458292007446
1754048083.0703213,1.0045400075203423,-0.5647431477394417,0.0,0.0,0.0,-0.4271956402573176,0.9041592143782755,0.22585673684838747,0.0,0.0,0.0,0.0,-0.15792254529037525,115.24,-50.57943925233641,1754048083.0590038,1.1940323309864629,-0.17628838905380256,0.0,1754048083.0590038,map,base_link,0.04144406318664551,17.912902355194092
1754048083.1189716,1.0098582835422696,-0.5712414600821327,0.0,0.0,0.0,-0.4291414086204615,0.9032373173243264,0.22834486609680765,0.0,0.0,0.0,0.0,-0.1751443146027897,116.02,-50.82616822429903,1754048083.0966377,1.202168950963492,-0.17836385008643696,0.0,1754048083.0966377,map,base_link,0.048650264739990234,17.961552619934082
1754048083.1789644,1.0189735975674519,-0.5825610193848516,0.0,0.0,0.0,-0.4339971059296869,0.900914264536119,0.23342196783570893,0.0,0.0,0.0,0.0,-0.17465298290090586,117.37,-51.4429906542056,1754048083.1590848,1.2162423554745776,-0.16211938072629808,0.0,1754048083.1590848,map,base_link,0.05999279022216797,18.02154541015625
1754048083.219412,1.0246046478855035,-0.5896369363729137,0.0,0.0,0.0,-0.43593587177782384,0.8999777306674365,0.2325353405624099,0.0,0.0,0.0,0.0,-0.13750346015179868,118.22,-51.68971962616822,1754048083.196582,1.22509127060917,-0.1639832556811041,0.0,1754048083.196582,map,base_link,0.04044771194458008,18.06199312210083
1754048083.2696836,1.0345045429722204,-0.6023943372539932,0.0,0.0,0.0,-0.445599207204951,0.8952325656153931,0.24838044008607083,0.0,0.0,0.0,0.0,-0.23095188943228045,119.71,-52.923364485981296,1754048083.2590358,1.2408506852483423,-0.16750462618123751,0.0,1754048083.2590358,map,base_link,0.05027151107788086,18.11226463317871
1754048083.319427,1.0402796195989727,-0.6101740895876653,0.0,0.0,0.0,-0.45137249103336335,0.8923356287509405,0.2614054413636364,0.0,0.0,0.0,0.0,-0.3156421674618857,120.6,-53.663551401869185,1754048083.2965918,1.2502591573514428,-0.16981908272723675,0.0,1754048083.2965918,map,base_link,0.0497434139251709,18.162008047103882
1754048083.3692884,1.0488627851095915,-0.6219023543625569,0.0,0.0,0.0,-0.4542520857331599,0.8908731910923541,0.2579574735439485,0.0,0.0,0.0,0.0,-0.26909022191829335,121.94,-54.03364485981308,1754048083.3590238,1.2743618431038661,-0.13347547213342187,0.0,1754048083.3590238,map,base_link,0.04986143112182617,18.211869478225708
1754048083.4253047,1.053804080225956,-0.6286917405564707,0.0,0.0,0.0,-0.4542520857331599,0.8908731910923541,0.23593148901789837,0.0,0.0,0.0,0.0,-0.08575439648215058,122.71,-54.03364485981308,1754048083.3966026,1.2825643394859336,-0.1352730303158703,0.0,1754048083.3966026,map,base_link,0.05601620674133301,18.26788568496704
1754048083.4709182,1.0626477514843797,-0.6410288300684484,0.0,0.0,0.0,-0.45904086607147215,0.8884151525476999,0.2351721775659862,0.0,0.0,0.0,0.0,-0.12072320373491252,124.1,-54.6504672897196,1754048083.459082,1.297368077533868,-0.13862916481283966,0.0,1754048083.459082,map,base_link,0.04561352729797363,18.313499212265015
1754048083.5261528,1.067669885007489,-0.6481575348831191,0.0,0.0,0.0,-0.46190775893690944,0.886927969022221,0.23502052538580925,0.0,0.0,0.0,0.0,-0.15490427268403087,124.9,-55.02056074766354,1754048083.4966342,1.3058562798427178,-0.14062683320941732,0.0,1754048083.4966342,map,base_link,0.055234670639038086,18.368733882904053
1754048083.5697217,1.0768118331503174,-0.6614685823295977,0.0,0.0,0.0,-0.47142910376745417,0.8819039630940633,0.24557929631499958,0.0,0.0,0.0,0.0,-0.2585388881112351,126.38,-56.25420560747662,1754048083.558999,1.317548414757119,-0.15259594700732232,0.0,1754048083.558999,map,base_link,0.04356884956359863,18.41230273246765
1754048083.6195877,1.0816324894014464,-0.6687350485111128,0.0,0.0,0.0,-0.47427490303611547,0.880376803618816,0.24528541875032808,0.0,0.0,0.0,0.0,-0.25832120102629325,127.17,-56.62429906542057,1754048083.5966682,1.3199714347146287,-0.16674381960118118,0.0,1754048083.5966682,map,base_link,0.0498659610748291,18.46216869354248
1754048083.6882246,1.089409399769599,-0.680628726335595,0.0,0.0,0.0,-0.47616935601116805,0.8793535946340979,0.24021095089628197,0.0,0.0,0.0,0.0,-0.18970067571165455,128.45,-56.87102803738323,1754048083.6590824,1.3337460507204135,-0.1702366495369268,0.0,1754048083.6590824,map,base_link,0.06863689422607422,18.530805587768555
1754048083.7193568,1.0940190191038355,-0.6876475252630165,0.0,0.0,0.0,-0.4742749030361152,0.8803768036188161,0.22728580176938135,0.0,0.0,0.0,0.0,-0.03453840811851631,129.22,-56.62429906542054,1754048083.696586,1.3418897473073892,-0.17228416869176258,0.0,1754048083.696586,map,base_link,0.031132221221923828,18.56193780899048
1754048083.769365,1.1033222295979586,-0.7020154607781722,0.0,0.0,0.0,-0.4846669503059169,0.8746987751684359,0.24610060056417793,0.0,0.0,0.0,0.0,-0.15512596994393837,130.77,-57.98130841121498,1754048083.7590678,1.358462523385155,-0.17656556911006735,0.0,1754048083.7590678,map,base_link,0.050008296966552734,18.61194610595703
1754048083.8260415,1.1085473933617858,-0.710555673687988,0.0,0.0,0.0,-0.49124477504418096,0.8710215674664963,0.2636030591759667,0.0,0.0,0.0,0.0,-0.3099440254125153,131.67,-58.84485981308413,1754048083.7966282,1.3680890303434203,-0.1793165574208876,0.0,1754048083.7966282,map,base_link,0.056676387786865234,18.668622493743896
1754048083.869076,1.1152648575985358,-0.7215905356740767,0.0,0.0,0.0,-0.4893682269359774,0.8720772548722605,0.2461766146211708,0.0,0.0,0.0,0.0,-0.22629368906335015,132.83,-58.5981308411215,1754048083.8590596,1.3605494236310374,-0.16292125039469796,0.0,1754048083.8590596,map,base_link,0.04303455352783203,18.71165704727173
1754048083.9192417,1.11930353332358,-0.72820646330103,0.0,0.0,0.0,-0.4893682269359774,0.8720772548722605,0.21462921205676108,0.0,0.0,0.0,0.0,-0.018908277454582744,133.53,-58.5981308411215,1754048083.8966079,1.3681078170947165,-0.16463941459679143,0.0,1754048083.8966079,map,base_link,0.050165653228759766,18.76182270050049
1754048083.9697115,1.1270889560177184,-0.7412370217495657,0.0,0.0,0.0,-0.4977947021710872,0.867294894767863,0.2267179668753517,0.0,0.0,0.0,0.0,-0.1563279162965788,134.9,-59.70841121495322,1754048083.9590113,1.382876759272367,-0.1681446402614714,0.0,1754048083.9590113,map,base_link,0.05046987533569336,18.81229257583618
1754048084.0193286,1.131294420469983,-0.7485051692107059,0.0,0.0,0.0,-0.5015248490000451,0.8651432400680722,0.23036179573397728,0.0,0.0,0.0,0.0,-0.22449042017873772,135.65,-60.20186915887847,1754048083.996599,1.39101896479014,-0.1701980248047274,0.0,1754048083.996599,map,base_link,0.04961705207824707,18.86190962791443
1754048084.070923,1.1380099437385305,-0.7602907923508669,0.0,0.0,0.0,-0.5033864391998775,0.8640613941321925,0.22215413585801352,0.0,0.0,0.0,0.0,-0.17145559245048914,136.86,-60.44859813084107,1754048084.059074,1.3941001328384048,-0.16394695448205543,0.0,1754048084.059074,map,base_link,0.05159449577331543,18.913504123687744
1754048084.1193695,1.1421308672140673,-0.7676072151943354,0.0,0.0,0.0,-0.5052456957461366,0.8629755424865773,0.21721695064818144,0.0,0.0,0.0,0.0,-0.1026858049991688,137.61,-60.69532710280372,1754048084.0965998,1.4023007932858453,-0.16575283978889022,0.0,1754048084.0965998,map,base_link,0.0484464168548584,18.961950540542603
1754048084.1693022,1.1489725144092224,-0.7800622292330093,0.0,0.0,0.0,-0.5126592131716832,0.8585921797630064,0.22486914072311187,0.0,0.0,0.0,0.0,-0.189297778766054,138.88,-61.68224299065416,1754048084.15903,1.4161453791001355,-0.16895642444943643,0.0,1754048084.15903,map,base_link,0.04993271827697754,19.01188325881958
1754048084.2215033,1.153084179025034,-0.7877521233509888,0.0,0.0,0.0,-0.5154295080633181,0.8569319822585721,0.22914163503793947,0.0,0.0,0.0,0.0,-0.20778147029841146,139.65,-62.052336448598076,1754048084.196707,1.4217954359440308,-0.170324851620747,0.0,1754048084.1840742,map,base_link,0.052201032638549805,19.06408429145813
1754048084.2690518,1.1594562421688026,-0.800091326259115,0.0,0.0,0.0,-0.5237080194131404,0.8518978286170037,0.22851617494019189,0.0,0.0,0.0,0.0,-0.2764445288277685,140.87,-63.16261682242982,1754048084.2591925,1.4380634565633033,-0.1744945789919481,0.0,1754048084.2591925,map,base_link,0.047548532485961914,19.111632823944092
1754048084.335319,1.163230444521461,-0.8075924673663617,0.0,0.0,0.0,-0.527371622830606,0.8496347282409147,0.2271330625672024,0.0,0.0,0.0,0.0,-0.2572153075744655,141.61,-63.656074766355076,1754048084.2978418,1.4361542381377577,-0.16687100612956635,0.0,1754048084.2978418,map,base_link,0.06626725196838379,19.177900075912476
1754048084.3692732,1.1696095920935825,-0.8206511084911642,0.0,0.0,0.0,-0.5319373669116634,0.8467837018289183,0.22797374333926412,0.0,0.0,0.0,0.0,-0.2039196409209592,142.88,-64.2728971962616,1754048084.3589923,1.4502817499136564,-0.17028202398280684,0.0,1754048084.3589923,map,base_link,0.03395414352416992,19.211854219436646
1754048084.424606,1.1733569030829014,-0.8285249466826107,0.0,0.0,0.0,-0.5364876984423083,0.8439081403921134,0.2333182456454696,0.0,0.0,0.0,0.0,-0.2387306983054102,143.64,-64.8897196261682,1754048084.3965592,1.4587369185893317,-0.17241504770082605,0.0,1754048084.3965592,map,base_link,0.05533289909362793,19.267187118530273
1754048084.4695086,1.1791647816339392,-0.8411396868674998,0.0,0.0,0.0,-0.541022485579547,0.8410081272480837,0.22636065744897577,0.0,0.0,0.0,0.0,-0.20605272005521735,144.84,-65.50654205607472,1754048084.4597347,1.47215823215453,-0.1759831656053366,0.0,1754048084.4597347,map,base_link,0.04490256309509277,19.312089681625366
1754048084.5200589,1.1826195438366585,-0.8487932108410127,0.0,0.0,0.0,-0.5446390350150265,0.8386705679454244,0.22523345737238318,0.0,0.0,0.0,0.0,-0.22418430080335822,145.57,-65.99999999999993,1754048084.496644,1.4861690124322624,-0.17824828782576002,0.0,1754048084.496644,map,base_link,0.050550222396850586,19.362639904022217
1754048084.5813084,1.188579487128701,-0.8624017169754553,0.0,0.0,0.0,-0.5500449015575923,0.8351350826486087,0.23218526039441695,0.0,0.0,0.0,0.0,-0.1916186434619876,146.85,-66.74018691588782,1754048084.5589979,1.5146253979416093,-0.18209811348124133,0.0,1754048084.5589979,map,base_link,0.061249494552612305,19.42388939857483
1754048084.6208086,1.1919728383255672,-0.8704344576168027,0.0,0.0,0.0,-0.5545322689795736,0.832162221360935,0.2335630776600519,0.0,0.0,0.0,0.0,-0.24150664286924836,147.6,-67.3570093457943,1754048084.5965533,1.5230749587815442,-0.18425326455916313,0.0,1754048084.5965533,map,base_link,0.03950023651123047,19.46338963508606
1754048084.6695192,1.197509914841428,-0.8838718129709285,0.0,0.0,0.0,-0.559003569178076,0.8291652486966467,0.23604992025430177,0.0,0.0,0.0,0.0,-0.22431169381717325,148.84,-67.97383177570087,1754048084.6589603,1.5371252800684654,-0.1879694732440788,0.0,1754048084.6589603,map,base_link,0.04871058464050293,19.512100219726562
1754048084.7192128,1.2008600376439147,-0.8922714358049267,0.0,0.0,0.0,-0.5625689538605446,0.8267503687040317,0.24010505713904767,0.0,0.0,0.0,0.0,-0.209588999505583,149.61,-68.46728971962607,1754048084.6965482,1.545840893150554,-0.19038091993610634,0.0,1754048084.6965482,map,base_link,0.04969358444213867,19.5617938041687
1754048084.769339,1.206228627979887,-0.9061239090957988,0.0,0.0,0.0,-0.5678974501614962,0.8230993172759111,0.24038442813967884,0.0,0.0,0.0,0.0,-0.22369793515053268,150.87,-69.20747663551398,1754048084.7590475,1.5501707224952295,-0.19443469826372156,0.0,1754048084.7590475,map,base_link,0.05012631416320801,19.61192011833191
1754048084.8198912,1.2093951725554264,-0.9145944207251641,0.0,0.0,0.0,-0.5714366311487709,0.8206461945207225,0.2379417751922615,0.0,0.0,0.0,0.0,-0.20690769422964742,151.63,-69.70093457943912,1754048084.7965655,1.5589707357961613,-0.196517085767409,0.0,1754048084.7965655,map,base_link,0.0505521297454834,19.662472248077393
1754048084.8697994,1.2145691337134876,-0.9292075092626065,0.0,0.0,0.0,-0.5819903335779583,0.8131957031501192,0.24409911047938065,0.0,0.0,0.0,0.0,-0.3093701340272575,152.92,-71.18130841121486,1754048084.8590748,1.5739915284195998,-0.20034958099009564,0.0,1754048084.8590748,map,base_link,0.04990816116333008,19.712380409240723
1754048084.9194846,1.2174031015353013,-0.9377949575822397,0.0,0.0,0.0,-0.5889722829051273,0.8081532342133655,0.2471734129857374,0.0,0.0,0.0,0.0,-0.39310228081316223,153.67,-72.16822429906537,1754048084.8966188,1.58270364012986,-0.20277336971962573,0.0,1754048084.8966188,map,base_link,0.04968523979187012,19.762065649032593
1754048084.969747,1.2220923119081817,-0.9529093938261533,0.0,0.0,0.0,-0.5967747312181683,0.8024088235927388,0.251175564395564,0.0,0.0,0.0,0.0,-0.3581712865259885,154.97,-73.27850467289707,1754048084.9591455,1.597871254027338,-0.2072876100266412,0.0,1754048084.9591455,map,base_link,0.050262451171875,19.812328100204468
1754048085.0197082,1.2247114055428054,-0.9619017144366927,0.0,0.0,0.0,-0.6028046074363868,0.7978888426676135,0.2512563398254944,0.0,0.0,0.0,0.0,-0.34718232029084095,155.73,-74.14205607476629,1754048084.9965568,1.6040095913869121,-0.2073340591819069,0.0,1754048084.9965568,map,base_link,0.049961090087890625,19.86228919029236
1754048085.093521,1.2287094467913509,-0.9765449004694192,0.0,0.0,0.0,-0.6105069561039136,0.7920108942108903,0.24593223438508022,0.0,0.0,0.0,0.0,-0.3280284676567796,156.95,-75.25233644859799,1754048085.058991,1.6111336075396008,-0.20508608972318249,0.0,1754048085.058991,map,base_link,0.07381296157836914,19.936102151870728
1754048085.119225,1.2309993691287149,-0.9852932459409491,0.0,0.0,0.0,-0.6122108313522072,0.7906945668050586,0.2463292699232127,0.0,0.0,0.0,0.0,-0.26181101674466256,157.68,-75.4990654205606,1754048085.0965924,1.6196735285771373,-0.208239343427428,0.0,1754048085.0965924,map,base_link,0.025703907012939453,19.961806058883667
1754048085.1693475,1.234375323720531,-0.9987641696501108,0.0,0.0,0.0,-0.6181519925438359,0.7860585945806365,0.23232468899712194,0.0,0.0,0.0,0.0,-0.20713391479918758,158.78,-76.36261682242977,1754048085.159137,1.6329583231575437,-0.21228620492005046,0.0,1754048085.159137,map,base_link,0.05012249946594238,20.01192855834961
1754048085.224476,1.2356559804669651,-1.0041031601772206,0.0,0.0,0.0,-0.6206874777719515,0.784058068600211,0.2274709332203378,0.0,0.0,0.0,0.0,-0.20766731361403404,159.22,-76.73271028037371,1754048085.183891,1.638193997218321,-0.21393926834292776,0.0,1754048085.183891,map,base_link,0.05512857437133789,20.067057132720947
1754048085.2757003,1.2392696407368846,-1.0201729572843403,0.0,0.0,0.0,-0.6282549824430745,0.7780075044853052,0.21940784081982967,0.0,0.0,0.0,0.0,-0.2592200940899205,160.52,-77.84299065420547,1754048085.2590117,1.653828668086637,-0.2191213515581828,0.0,1754048085.2590117,map,base_link,0.0512242317199707,20.118281364440918
1754048085.3227715,1.2411549976115586,-1.0290173232478603,0.0,0.0,0.0,-0.6299286656466302,0.7766529960005666,0.22627098797721684,0.0,0.0,0.0,0.0,-0.22287121300922688,161.22,-78.08971962616812,1754048085.2966058,1.6623802288505405,-0.22206213178506384,0.0,1754048085.2966058,map,base_link,0.047071218490600586,20.16535258293152
1754048085.3694549,1.2442242469165512,-1.0442125564446885,0.0,0.0,0.0,-0.6382531225814153,0.7698265723622905,0.23886214931677568,0.0,0.0,0.0,0.0,-0.23901215959876726,162.43,-79.3233644859812,1754048085.3592556,1.673649651507751,-0.22603645583682308,0.0,1754048085.3465466,map,base_link,0.046683311462402344,20.21203589439392
1754048085.4191623,1.245751241993705,-1.0524696967087261,0.0,0.0,0.0,-0.6399091681237326,0.768450555697107,0.24526758716634597,0.0,0.0,0.0,0.0,-0.2229877379529624,163.08,-79.57009345794381,1754048085.396616,1.7251799007296618,-0.23938284605031068,0.0,1754048085.396616,map,base_link,0.04970741271972656,20.261743307113647
1754048085.46907,1.2482047943009251,-1.0661388099293674,0.0,0.0,0.0,-0.6423876717409184,0.7663798530724056,0.22966373765481168,0.0,0.0,0.0,0.0,-0.187583455390068,164.15,-79.94018691588772,1754048085.4591675,1.7384438261329471,-0.24349780146429156,0.0,1754048085.4591675,map,base_link,0.049907684326171875,20.31165099143982
1754048085.5194964,1.2495894762438637,-1.0740933623632403,0.0,0.0,0.0,-0.6448594747474972,0.7643011565007487,0.21797497551061307,0.0,0.0,0.0,0.0,-0.1030011849038521,164.78,-80.31028037383165,1754048085.49667,1.7461427292061844,-0.2459307297359905,0.0,1754048085.49667,map,base_link,0.050426483154296875,20.362077474594116
1754048085.5693185,1.2517479112766376,-1.0871578604409362,0.0,0.0,0.0,-0.648964186183574,0.7608189568163319,0.21264799743702753,0.0,0.0,0.0,0.0,-0.13807378302547405,165.79,-80.92710280373818,1754048085.5589933,1.7587145534984587,-0.2401990449958724,0.0,1754048085.5589933,map,base_link,0.049822092056274414,20.41189956665039
1754048085.6240442,1.2529850670465246,-1.0951366595188454,0.0,0.0,0.0,-0.6530500942908042,0.7573147128814888,0.21223965698913005,0.0,0.0,0.0,0.0,-0.20842037776750763,166.41,-81.54392523364471,1754048085.5965765,1.7665208710293288,-0.24226137274185278,0.0,1754048085.5965765,map,base_link,0.05472564697265625,20.466625213623047
1754048085.669318,1.2549580914488265,-1.108883312286439,0.0,0.0,0.0,-0.6571170806825724,0.7537885262294814,0.21715191870624043,0.0,0.0,0.0,0.0,-0.2083882534122808,167.47,-82.16074766355133,1754048085.6590567,1.7799068814603016,-0.24595975243392765,0.0,1754048085.6590567,map,base_link,0.045273780822753906,20.5118989944458
1754048085.726115,1.2561412023961362,-1.1178486218275063,0.0,0.0,0.0,-0.6619723218106548,0.749528281759008,0.22434464410147997,0.0,0.0,0.0,0.0,-0.25635396991359727,168.15,-82.90093457943914,1754048085.6977596,1.7885954664262114,-0.24846674624544085,0.0,1754048085.6977596,map,base_link,0.056797027587890625,20.56869602203369
1754048085.7693582,1.2578874938636082,-1.1326020224309663,0.0,0.0,0.0,-0.6667999434348799,0.7452367646830375,0.23826008592376474,0.0,0.0,0.0,0.0,-0.23714142902396412,169.27,-83.64112149532704,1754048085.7591195,1.8028131171815271,-0.25277612790124837,0.0,1754048085.7591195,map,base_link,0.0432431697845459,20.611939191818237
1754048085.8197148,1.2587995548637894,-1.1409494931784756,0.0,0.0,0.0,-0.6684029781282048,0.7437993404335248,0.23124507783652087,0.0,0.0,0.0,0.0,-0.2014188477153493,169.89,-83.88785046728961,1754048085.797927,1.8108270229112156,-0.2552840031182877,0.0,1754048085.797927,map,base_link,0.05035662651062012,20.662295818328857
1754048085.8703992,1.2603922186386776,-1.156694450823977,0.0,0.0,0.0,-0.6723969920240003,0.7401907086130415,0.24378304560837677,0.0,0.0,0.0,0.0,-0.17165310575241682,171.07,-84.50467289719612,1754048085.8590243,1.8228221220349448,-0.2591270122874869,0.0,1754048085.8465722,map,base_link,0.050684452056884766,20.712980270385742
1754048085.9198432,1.2612758742684826,-1.1666672653689087,0.0,0.0,0.0,-0.6779558554335234,0.7351026173830423,0.25166940809243377,0.0,0.0,0.0,0.0,-0.22554945011744784,171.81,-85.36822429906532,1754048085.8966007,1.805406779018543,-0.2432596276351241,0.0,1754048085.8966007,map,base_link,0.049443960189819336,20.76242423057556
1754048085.9717696,1.2624887291848714,-1.1814741545185896,0.0,0.0,0.0,-0.6763715236401486,0.73656063023264,0.25113751456035815,0.0,0.0,0.0,0.0,-0.12184148604555678,172.91,-85.12149532710274,1754048085.9590518,1.8194930704022758,-0.24798100226458542,0.0,1754048085.9590518,map,base_link,0.051926374435424805,20.814350605010986
1754048086.0191312,1.26323343328404,-1.190162417191549,0.0,0.0,0.0,-0.6755781814351046,0.7372883565938343,0.24428086205832128,0.0,0.0,0.0,0.0,-0.03799317532215686,173.56,-84.9981308411214,1754048085.9969132,1.8277715273786483,-0.2507210100309999,0.0,1754048085.9969132,map,base_link,0.04736161231994629,20.861712217330933
1754048086.0695164,1.2646095991823205,-1.2065760472997928,0.0,0.0,0.0,-0.6795370442854494,0.7336411966648242,0.25126201137186255,0.0,0.0,0.0,0.0,-0.0521676737413508,174.79,-85.61495327102794,1754048086.0590243,1.863312147154129,-0.26618936458136033,0.0,1754048086.0590243,map,base_link,0.050385236740112305,20.912097454071045
1754048086.120984,1.2653135024957112,-1.2155916969877887,0.0,0.0,0.0,-0.6795370442854494,0.7336411966648242,0.24839049410845218,0.0,0.0,0.0,0.0,-0.06665236108257551,175.46,-85.61495327102794,1754048086.0999508,1.8720242772857503,-0.2686134536352025,0.0,1754048086.0999508,map,base_link,0.0514676570892334,20.96356511116028
1754048086.1696486,1.266290769730784,-1.2281494531752324,0.0,0.0,0.0,-0.67874684318565,0.7343723325844422,0.22710951949164845,0.0,0.0,0.0,0.0,-0.030916978513037558,176.4,-85.49158878504664,1754048086.1590276,1.8841581746224108,-0.27199292506360806,0.0,1754048086.1590276,map,base_link,0.04866456985473633,21.012229681015015
1754048086.2239153,1.2669855769191463,-1.2368418484400978,0.0,0.0,0.0,-0.6779558554335234,0.7351026173830423,0.22246840565014506,0.0,0.0,0.0,0.0,0.028923616689030058,177.06,-85.36822429906532,1754048086.1965683,1.892563457419494,-0.27431493143110874,0.0,1754048086.1965683,map,base_link,0.05426669120788574,21.0664963722229
1754048086.2696147,1.268175645921154,-1.2519745904998683,0.0,0.0,0.0,-0.6787468431856498,0.7343723325844425,0.23631237270532995,0.0,0.0,0.0,0.0,0.007531565767613468,178.21,-85.49158878504663,1754048086.2589545,1.9071896755117197,-0.2783757060857456,0.0,1754048086.2589545,map,base_link,0.045699357986450195,21.11219573020935
1754048086.319359,1.268796108543712,-1.2600249004910187,0.0,0.0,0.0,-0.6795370442854494,0.7336411966648242,0.23519837880041447,0.0,0.0,0.0,0.0,-0.026329801541884145,178.82,-85.61495327102794,1754048086.2973452,1.9149942399732778,-0.2704524648646103,0.0,1754048086.2973452,map,base_link,0.049744367599487305,21.161940097808838
1754048086.3692203,1.2699630403819775,-1.2741874493314724,0.0,0.0,0.0,-0.6763715236401485,0.7365606302326401,0.22513383696472822,0.0,0.0,0.0,0.0,0.05452511762532343,179.9,-85.12149532710272,1754048086.3590584,1.9286052276413361,-0.2745366458441165,0.0,1754048086.3590584,map,base_link,0.04986119270324707,21.211801290512085
1754048086.419421,1.270713286906557,-1.2828752329347297,0.0,0.0,0.0,-0.6755781814351047,0.7372883565938341,0.22517810007031486,0.0,0.0,0.0,0.0,0.08931794065801144,180.57,-84.9981308411214,1754048086.3965642,1.936967228199666,-0.2770099837602048,0.0,1754048086.3965642,map,base_link,0.050200700759887695,21.262001991271973
1754048086.4689896,1.2719960259929335,-1.2973520478686087,0.0,0.0,0.0,-0.6747840562501417,0.7380152284544036,0.2353412779798875,0.0,0.0,0.0,0.0,0.052046975195517445,181.69,-84.87476635514008,1754048086.4590778,1.950913068963342,-0.28110108576182924,0.0,1754048086.4590778,map,base_link,0.04956865310668945,21.311570644378662
1754048086.5193882,1.2727461685896497,-1.3057156287206644,0.0,0.0,0.0,-0.6747840562501419,0.7380152284544034,0.22827385843976478,0.0,0.0,0.0,0.0,0.034809944766551484,182.34,-84.87476635514011,1754048086.4965417,1.9700097277231783,-0.2834637676293036,0.0,1754048086.4965417,map,base_link,0.05039858818054199,21.361969232559204
1754048086.570356,1.2740725402409105,-1.3201885121427264,0.0,0.0,0.0,-0.6739891490056329,0.7387412449719204,0.23009841502084433,0.0,0.0,0.0,0.0,0.017148138642277138,183.47,-84.7514018691588,1754048086.559011,2.012936015834132,-0.28748717735850926,0.0,1754048086.559011,map,base_link,0.05096769332885742,21.41293692588806
1754048086.631727,1.2748733489382829,-1.3288717832947672,0.0,0.0,0.0,-0.6731934606228576,0.7394664053049477,0.23235277963861295,0.0,0.0,0.0,0.0,0.034256836233479415,184.15,-84.6280373831775,1754048086.5967672,2.0213206859054074,-0.28988254794894097,0.0,1754048086.5967672,map,base_link,0.0613710880279541,21.474308013916016
1754048086.6693974,1.27623975445347,-1.3430164971510468,0.0,0.0,0.0,-0.6715997441321516,0.7409141540567493,0.2294754994121888,0.0,0.0,0.0,0.0,0.051550493477206284,185.27,-84.38130841121489,1754048086.659243,2.0350013946344663,-0.2937267907584712,0.0,1754048086.659243,map,base_link,0.03767037391662598,21.51197838783264
1754048086.7193427,1.2771251413119995,-1.3520161388767344,0.0,0.0,0.0,-0.6715997441321516,0.7409141540567493,0.2298448584796796,0.0,0.0,0.0,0.0,0.051550493477200164,185.98,-84.38130841121489,1754048086.6965911,2.043711602000683,-0.29615778823224503,0.0,1754048086.6965911,map,base_link,0.04994535446166992,21.56192374229431
1754048086.7692385,1.2784984688758894,-1.3661601882894672,0.0,0.0,0.0,-0.6715997441321518,0.7409141540567491,0.22991479445408647,0.0,0.0,0.0,0.0,0.017145278415437976,187.11,-84.38130841121493,1754048086.7591457,2.0574848913982846,-0.2917790476022295,0.0,1754048086.7591457,map,base_link,0.0498957633972168,21.61181950569153
1754048086.8195102,1.2793206138159525,-1.37451699846332,0.0,0.0,0.0,-0.6715997441321518,0.7409141540567491,0.22774989558481917,0.0,0.0,0.0,0.0,1.8087961901104092e-05,187.78,-84.38130841121493,1754048086.7965307,2.065525464570855,-0.2820752780860972,0.0,1754048086.7965307,map,base_link,0.05027174949645996,21.66209125518799
1754048086.8805523,1.2807092944474774,-1.3889840136911125,0.0,0.0,0.0,-0.6739891490056329,0.7387412449719204,0.22387276573676643,0.0,0.0,0.0,0.0,-0.04746627201876178,188.93,-84.7514018691588,1754048086.8636112,2.079594128756749,-0.28572159835756405,0.0,1754048086.8636112,map,base_link,0.061042070388793945,21.723133325576782
1754048086.919177,1.2815102131932636,-1.397991556195205,0.0,0.0,0.0,-0.6755781814351047,0.7372883565938341,0.23621120586939687,0.0,0.0,0.0,0.0,-0.09049693915180848,189.65,-84.9981308411214,1754048086.8966103,2.0883318435092724,-0.2880517557994374,0.0,1754048086.8966103,map,base_link,0.03862476348876953,21.76175808906555
1754048086.971169,1.2828243320284503,-1.4131140333898042,0.0,0.0,0.0,-0.6763715236401486,0.73656063023264,0.24612575761345865,0.0,0.0,0.0,0.0,-0.09052301331136688,190.85,-85.12149532710274,1754048086.9590576,2.1029908709997867,-0.2919924585091721,0.0,1754048086.9590576,map,base_link,0.051991939544677734,21.81375002861023
1754048087.027001,1.2836177326486848,-1.4224464231943557,0.0,0.0,0.0,-0.6771640819458077,0.7358320502142397,0.24644335223538755,0.0,0.0,0.0,0.0,-0.0526208335224652,191.6,-85.2448598130841,1754048086.9965694,2.11203124376984,-0.2944408547570794,0.0,1754048086.9965694,map,base_link,0.0558319091796875,21.869581937789917
1754048087.0691278,1.2848765101380177,-1.4378976461848558,0.0,0.0,0.0,-0.6787468431856505,0.7343723325844418,0.24813869721299647,0.0,0.0,0.0,0.0,-0.0691791044662579,192.83,-85.49158878504673,1754048087.059015,2.126999718599051,-0.30253381879071195,0.0,1754048087.059015,map,base_link,0.04212689399719238,21.91170883178711
1754048087.1365924,1.2856381201938818,-1.4475566905261503,0.0,0.0,0.0,-0.6787468431856499,0.7343723325844423,0.25065208046612114,0.0,0.0,0.0,0.0,-0.05191769351332953,193.6,-85.49158878504663,1754048087.0965261,2.1363569175014296,-0.31099536002202544,0.0,1754048087.0965261,map,base_link,0.06746459007263184,21.97917342185974
1754048087.1692953,1.286823416720379,-1.4630137299764285,0.0,0.0,0.0,-0.6803264578170972,0.7329092104715573,0.2511592393934987,0.0,0.0,0.0,0.0,-0.051998208493810885,194.84,-85.73831775700936,1754048087.1590323,2.151315002847495,-0.315067298037641,0.0,1754048087.1590323,map,base_link,0.03270292282104492,22.011876344680786
1754048087.219476,1.2875093695049,-1.472354629527835,0.0,0.0,0.0,-0.6811150828656793,0.7321763748529986,0.25026016918374594,0.0,0.0,0.0,0.0,-0.05203040112744055,195.59,-85.86168224299063,1754048087.1967955,2.160344194061957,-0.3175566034959426,0.0,1754048087.1967955,map,base_link,0.050180673599243164,22.06205701828003
1754048087.2776892,1.288701135544248,-1.4887827869419514,0.0,0.0,0.0,-0.6803264578170967,0.7329092104715579,0.2557181863776532,0.0,0.0,0.0,0.0,-0.01747284376620043,196.91,-85.73831775700927,1754048087.2592108,2.1662551369284913,-0.3218235461069754,0.0,1754048087.2592108,map,base_link,0.058213233947753906,22.120270252227783
1754048087.3191342,1.2895171457761938,-1.4997333193125686,0.0,0.0,0.0,-0.6803264578170963,0.7329092104715581,0.2584973873087073,0.0,0.0,0.0,0.0,-0.0002479777906159016,197.79,-85.73831775700923,1754048087.3015754,2.1768933400588786,-0.3245454325952729,0.0,1754048087.3015754,map,base_link,0.041445016860961914,22.161715269088745
1754048087.369316,1.2905474989438226,-1.5139064826075896,0.0,0.0,0.0,-0.6803264578170969,0.7329092104715577,0.25146356250110624,0.0,0.0,0.0,0.0,0.022851357716007756,198.93,-85.7383177570093,1754048087.359057,2.1906540236800467,-0.32809279382800616,0.0,1754048087.359057,map,base_link,0.05018186569213867,22.211897134780884
1754048087.4228942,1.2913370811402827,-1.5245351131486042,0.0,0.0,0.0,-0.6795370442854495,0.7336411966648241,0.24705616470677788,0.0,0.0,0.0,0.0,0.00041044829006714326,199.79,-85.61495327102796,1754048087.4035153,2.200978727214695,-0.3307369806867555,0.0,1754048087.4035153,map,base_link,0.05357813835144043,22.265475273132324
1754048087.4738288,1.2925227214870727,-1.5386960781975458,0.0,0.0,0.0,-0.6779558554335241,0.7351026173830416,0.2646168412000146,0.0,0.0,0.0,0.0,0.09135779160795617,200.95,-85.36822429906543,1754048087.4590425,2.212273752919967,-0.33352080491690483,0.0,1754048087.4466472,map,base_link,0.050934553146362305,22.316409826278687
1754048087.5265431,1.2932905700662762,-1.5483546231254104,0.0,0.0,0.0,-0.6795370442854497,0.7336411966648239,0.2565943625085147,0.0,0.0,0.0,0.0,0.06705432829328054,201.74,-85.614953271028,1754048087.5015903,2.22419269564511,-0.33641729964568745,0.0,1754048087.5015903,map,base_link,0.05271434783935547,22.369124174118042
1754048087.5710225,1.2942720779118706,-1.5612359795437736,0.0,0.0,0.0,-0.6795370442854497,0.7336411966648239,0.22041806747921502,0.0,0.0,0.0,0.0,-0.0669851445218966,202.8,-85.614953271028,1754048087.5628784,2.2310920369676754,-0.3381155795323124,0.0,1754048087.5366075,map,base_link,0.0444793701171875,22.41360354423523
1754048087.6195908,1.295042005721026,-1.570894354517981,0.0,0.0,0.0,-0.6779558554335241,0.7351026173830416,0.23423564242897008,0.0,0.0,0.0,0.0,0.026121092829137722,203.59,-85.36822429906543,1754048087.6016133,2.2461505734828817,-0.34179862094844016,0.0,1754048087.6016133,map,base_link,0.0485682487487793,22.46217179298401
1754048087.6770127,1.2958815884057484,-1.5818430602547502,0.0,0.0,0.0,-0.681115082865679,0.7321763748529989,0.21996553761593396,0.0,0.0,0.0,0.0,-0.0359594926476931,204.49,-85.86168224299057,1754048087.65903,2.2568131487565233,-0.34442322471449094,0.0,1754048087.65903,map,base_link,0.05742192268371582,22.519593715667725
1754048087.7203496,1.29637907687148,-1.5889308934211377,0.0,0.0,0.0,-0.6826899638585692,0.7307081587383472,0.19332466044226035,0.0,0.0,0.0,0.0,-0.09057118319562615,205.07,-86.10841121495315,1754048087.6998665,2.2432548451855148,-0.34492743925479474,0.0,1754048087.684185,map,base_link,0.04333686828613281,22.562930583953857
1754048087.7692447,1.2970756416937976,-1.599242349509782,0.0,0.0,0.0,-0.6826899638585697,0.7307081587383466,0.17932815081569736,0.0,0.0,0.0,0.0,-0.05556304451118525,205.91,-86.10841121495324,1754048087.7591395,2.243560987763015,-0.3492368403631204,0.0,1754048087.7591395,map,base_link,0.04889512062072754,22.611825704574585
1754048087.8249273,1.2974701913099713,-1.605042359689732,0.0,0.0,0.0,-0.6826899638585692,0.7307081587383472,0.1688439326448316,0.0,0.0,0.0,0.0,-0.03829800353704502,206.39,-86.10841121495315,1754048087.7966466,2.2490797157170883,-0.35106425089610827,0.0,1754048087.7966466,map,base_link,0.05568265914916992,22.667508363723755
1754048087.8692229,1.298120076126285,-1.6143858383479701,0.0,0.0,0.0,-0.6819029185171978,0.7314426906584875,0.15553881810677955,0.0,0.0,0.0,0.0,0.035133119503308094,207.16,-85.98504672897187,1754048087.8591354,2.2561345835048017,-0.3533897002717966,0.0,1754048087.8466542,map,base_link,0.044295549392700195,22.711803913116455
1754048087.9212494,1.298498603083022,-1.6198632188560922,0.0,0.0,0.0,-0.6826899638585697,0.7307081587383466,0.14850285696239998,0.0,0.0,0.0,0.0,5.2260999723873425e-05,207.61,-86.10841121495324,1754048087.8977745,2.263189451292515,-0.35571514964748496,0.0,1754048087.8977745,map,base_link,0.05202651023864746,22.763830423355103
1754048087.9837513,1.2990378500542554,-1.627595653621434,0.0,0.0,0.0,-0.681115082865679,0.7321763748529989,0.13711086404330972,0.0,0.0,0.0,0.0,0.018650333354632804,208.24,-85.86168224299057,1754048087.959114,2.315133056048447,-0.3731406050390753,0.0,1754048087.946525,map,base_link,0.06250190734863281,22.826332330703735
1754048088.0192308,1.2993579024475197,-1.6321058555302606,0.0,0.0,0.0,-0.681115082865679,0.7321763748529989,0.12610152115251558,0.0,0.0,0.0,0.0,0.018111209895670916,208.62,-85.86168224299057,1754048087.997058,2.334812631532375,-0.3796562007272649,0.0,1754048087.997058,map,base_link,0.03547954559326172,22.861811876296997
1754048088.0693057,1.299501904141894,-1.6340383009260848,0.0,0.0,0.0,-0.6795370442854491,0.7336411966648244,0.06590158009592355,0.0,0.0,0.0,0.0,0.04363562834712927,208.78,-85.61495327102791,1754048088.0589566,2.3366622542782456,-0.3802341084999976,0.0,1754048088.0589566,map,base_link,0.05007481575012207,22.91188669204712
1754048088.1310961,1.299577025236668,-1.6350042866056327,0.0,0.0,0.0,-0.6787468431856504,0.7343723325844419,0.03500724469625316,0.0,0.0,0.0,0.0,0.042958482572091096,208.86,-85.49158878504672,1754048088.0966313,2.337587994589812,-0.38052007421037737,0.0,1754048088.0966313,map,base_link,0.06179046630859375,22.973677158355713
1754048088.1690245,1.2996291855511517,-1.635648111582726,0.0,0.0,0.0,-0.6771640819458079,0.7358320502142396,0.012969738902025069,0.0,0.0,0.0,0.0,0.05170290675816501,208.91,-85.24485981308415,1754048088.1590157,2.338205766937204,-0.3807087236904563,0.0,1754048088.1590157,map,base_link,0.03792834281921387,23.011605501174927
1754048088.2193887,1.2996020658434033,-1.6353262848168622,0.0,0.0,0.0,-0.6763715236401489,0.7365606302326398,0.007814481364089678,0.0,0.0,0.0,0.0,0.05222008342357609,208.88,-85.12149532710278,1754048088.1965873,2.3378965775576033,-0.38061539698839875,0.0,1754048088.1965873,map,base_link,0.05036425590515137,23.061969757080078
1754048088.2691615,1.2996020658434033,-1.6353262848168622,0.0,0.0,0.0,-0.6763715236401489,0.7365606302326398,5.0637670639500784e-05,0.0,0.0,0.0,0.0,0.03522314472257805,208.88,-85.12149532710278,1754048088.2590234,2.3378965775576033,-0.38061539698839875,0.0,1754048088.2590234,map,base_link,0.04977273941040039,23.11174249649048
1754048088.3195207,1.2996020658434033,-1.6353262848168622,0.0,0.0,0.0,-0.6763715236401489,0.7365606302326398,-0.0026164170188736962,0.0,0.0,0.0,0.0,0.0174427801258234,208.88,-85.12149532710278,1754048088.2966518,2.3378965775576033,-0.38061539698839875,0.0,1754048088.2966518,map,base_link,0.050359249114990234,23.16210174560547
1754048088.3744297,1.2996020658434033,-1.6353262848168622,0.0,0.0,0.0,-0.6763715236401489,0.7365606302326398,-1.7034984534092246e-16,0.0,0.0,0.0,0.0,-1.1102230246251565e-16,208.88,-85.12149532710278,1754048088.3466058,2.3378965775576033,-0.38061539698839875,0.0,1754048088.3466058,map,base_link,0.05490899085998535,23.217010736465454
1754048088.4195251,1.2996020658434033,-1.6353262848168622,0.0,0.0,0.0,-0.6763715236401489,0.7365606302326398,-1.7034984534092246e-16,0.0,0.0,0.0,0.0,-1.1102230246251565e-16,208.88,-85.12149532710278,1754048088.3984492,2.3378965775576033,-0.38061539698839864,0.0,1754048088.3984492,map,base_link,0.04509544372558594,23.26210618019104
1754048088.4692163,1.2996020658434033,-1.6353262848168622,0.0,0.0,0.0,-0.6763715236401489,0.7365606302326398,-1.7034984534092246e-16,0.0,0.0,0.0,0.0,-1.1102230246251565e-16,208.88,-85.12149532710278,1754048088.459008,2.3378965775576033,-0.38061539698839875,0.0,1754048088.459008,map,base_link,0.049691200256347656,23.311797380447388
1754048088.5191827,1.2996020658434033,-1.6353262848168622,0.0,0.0,0.0,-0.6763715236401489,0.7365606302326398,-1.7034984534092246e-16,0.0,0.0,0.0,0.0,-1.1102230246251565e-16,208.88,-85.12149532710278,1754048088.4977849,2.3378965775576033,-0.38061539698839875,0.0,1754048088.4977849,map,base_link,0.04996633529663086,23.36176371574402
1754048088.5691838,1.2996020658434033,-1.6353262848168622,0.0,0.0,0.0,-0.6763715236401489,0.7365606302326398,-1.7034984534092246e-16,0.0,0.0,0.0,0.0,-1.1102230246251565e-16,208.88,-85.12149532710278,1754048088.5591211,2.3378965775576033,-0.38061539698839875,0.0,1754048088.5591211,map,base_link,0.05000114440917969,23.4117648601532
1754048088.639552,1.2996020658434033,-1.6353262848168622,0.0,0.0,0.0,-0.6763715236401489,0.7365606302326398,-1.7034984534092246e-16,0.0,0.0,0.0,0.0,-1.1102230246251565e-16,208.88,-85.12149532710278,1754048088.5965872,2.3378965775576033,-0.38061539698839875,0.0,1754048088.5965872,map,base_link,0.07036828994750977,23.482133150100708
1754048088.6696835,1.2996020658434033,-1.6353262848168622,0.0,0.0,0.0,-0.6763715236401489,0.7365606302326398,-1.7034984534092246e-16,0.0,0.0,0.0,0.0,-1.1102230246251565e-16,208.88,-85.12149532710278,1754048088.6467733,2.3378965775576033,-0.38061539698839875,0.0,1754048088.6467733,map,base_link,0.03013134002685547,23.512264490127563
1754048088.719909,1.2996020658434033,-1.6353262848168622,0.0,0.0,0.0,-0.6763715236401489,0.7365606302326398,-1.7034984534092246e-16,0.0,0.0,0.0,0.0,-1.1102230246251565e-16,208.88,-85.12149532710278,1754048088.6966193,2.3378965775576033,-0.38061539698839875,0.0,1754048088.6966193,map,base_link,0.05022549629211426,23.562489986419678
1754048088.7691882,1.2996020658434033,-1.6353262848168622,0.0,0.0,0.0,-0.6763715236401489,0.7365606302326398,-1.7034984534092246e-16,0.0,0.0,0.0,0.0,-1.1102230246251565e-16,208.88,-85.12149532710278,1754048088.75911,2.3378965775576033,-0.38061539698839886,0.0,1754048088.75911,map,base_link,0.049279212951660156,23.611769199371338
1754048088.8196325,1.2996020658434033,-1.6353262848168622,0.0,0.0,0.0,-0.6763715236401489,0.7365606302326398,-1.7034984534092246e-16,0.0,0.0,0.0,0.0,-1.1102230246251565e-16,208.88,-85.12149532710278,1754048088.7965448,2.3378965775576033,-0.38061539698839875,0.0,1754048088.7965448,map,base_link,0.05044436454772949,23.662213563919067
1754048088.8898427,1.2996020658434033,-1.6353262848168622,0.0,0.0,0.0,-0.6763715236401489,0.7365606302326398,-1.7034984534092246e-16,0.0,0.0,0.0,0.0,-1.1102230246251565e-16,208.88,-85.12149532710278,1754048088.858956,2.3378965775576033,-0.38061539698839875,0.0,1754048088.858956,map,base_link,0.07021021842956543,23.732423782348633
1754048088.9195864,1.2996020658434033,-1.6353262848168622,0.0,0.0,0.0,-0.6763715236401489,0.7365606302326398,-1.7034984534092246e-16,0.0,0.0,0.0,0.0,-1.1102230246251565e-16,208.88,-85.12149532710278,1754048088.898093,2.3378965775576033,-0.38061539698839875,0.0,1754048088.898093,map,base_link,0.029743671417236328,23.76216745376587
1754048088.9690428,1.2996020658434033,-1.6353262848168622,0.0,0.0,0.0,-0.6763715236401489,0.7365606302326398,-1.7034984534092246e-16,0.0,0.0,0.0,0.0,-1.1102230246251565e-16,208.88,-85.12149532710278,1754048088.9590683,2.3378965775576033,-0.38061539698839886,0.0,1754048088.9590683,map,base_link,0.04945635795593262,23.8116238117218
1754048089.0288606,1.2996020658434033,-1.6353262848168622,0.0,0.0,0.0,-0.6763715236401489,0.7365606302326398,-1.7034984534092246e-16,0.0,0.0,0.0,0.0,-1.1102230246251565e-16,208.88,-85.12149532710278,1754048088.9968092,2.3378965775576033,-0.38061539698839875,0.0,1754048088.9968092,map,base_link,0.05981779098510742,23.87144160270691
1754048089.0694432,1.2996020658434033,-1.6353262848168622,0.0,0.0,0.0,-0.6763715236401489,0.7365606302326398,-1.7034984534092246e-16,0.0,0.0,0.0,0.0,-1.1102230246251565e-16,208.88,-85.12149532710278,1754048089.0590818,2.3378965775576033,-0.38061539698839886,0.0,1754048089.0590818,map,base_link,0.04058265686035156,23.91202425956726
1754048089.1311998,1.2996020658434033,-1.6353262848168622,0.0,0.0,0.0,-0.6763715236401489,0.7365606302326398,-1.7034984534092246e-16,0.0,0.0,0.0,0.0,-1.1102230246251565e-16,208.88,-85.12149532710278,1754048089.0965672,2.3378965775576033,-0.38061539698839875,0.0,1754048089.0965672,map,base_link,0.06175661087036133,23.973780870437622
1754048089.1698356,1.2996020658434033,-1.6353262848168622,0.0,0.0,0.0,-0.6763715236401489,0.7365606302326398,-1.7034984534092246e-16,0.0,0.0,0.0,0.0,-1.1102230246251565e-16,208.88,-85.12149532710278,1754048089.1600976,2.3378965775576033,-0.38061539698839875,0.0,1754048089.1600976,map,base_link,0.0386357307434082,24.01241660118103
1754048089.219396,1.2996020658434033,-1.6353262848168622,0.0,0.0,0.0,-0.6763715236401489,0.7365606302326398,-1.7034984534092246e-16,0.0,0.0,0.0,0.0,-1.1102230246251565e-16,208.88,-85.12149532710278,1754048089.1995687,2.3378965775576033,-0.38061539698839875,0.0,1754048089.1995687,map,base_link,0.049560546875,24.06197714805603
1754048089.2724886,1.2996020658434033,-1.6353262848168622,0.0,0.0,0.0,-0.6763715236401489,0.7365606302326398,-1.7034984534092246e-16,0.0,0.0,0.0,0.0,-1.1102230246251565e-16,208.88,-85.12149532710278,1754048089.2590213,2.3378965775576033,-0.38061539698839875,0.0,1754048089.2590213,map,base_link,0.05309247970581055,24.11506962776184
1754048089.3191571,1.2996020658434033,-1.6353262848168622,0.0,0.0,0.0,-0.6763715236401489,0.7365606302326398,-1.7034984534092246e-16,0.0,0.0,0.0,0.0,-1.1102230246251565e-16,208.88,-85.12149532710278,1754048089.296534,2.3378965775576033,-0.38061539698839875,0.0,1754048089.296534,map,base_link,0.04666852951049805,24.16173815727234
1754048089.3694377,1.2996020658434033,-1.6353262848168622,0.0,0.0,0.0,-0.6763715236401489,0.7365606302326398,-1.7034984534092246e-16,0.0,0.0,0.0,0.0,-1.1102230246251565e-16,208.88,-85.12149532710278,1754048089.3590355,2.3378965775576033,-0.38061539698839864,0.0,1754048089.3590355,map,base_link,0.05028057098388672,24.212018728256226
1754048089.4321148,1.2996020658434033,-1.6353262848168622,0.0,0.0,0.0,-0.6763715236401489,0.7365606302326398,-1.7034984534092246e-16,0.0,0.0,0.0,0.0,-1.1102230246251565e-16,208.88,-85.12149532710278,1754048089.3976567,2.3378965775576033,-0.38061539698839864,0.0,1754048089.3976567,map,base_link,0.06267714500427246,24.274695873260498
1754048089.4691927,1.2996020658434033,-1.6353262848168622,0.0,0.0,0.0,-0.6763715236401489,0.7365606302326398,-1.7034984534092246e-16,0.0,0.0,0.0,0.0,-1.1102230246251565e-16,208.88,-85.12149532710278,1754048089.4591873,2.3378965775576033,-0.38061539698839886,0.0,1754048089.4591873,map,base_link,0.037077903747558594,24.311773777008057
1754048089.5192435,1.2996020658434033,-1.6353262848168622,0.0,0.0,0.0,-0.6763715236401489,0.7365606302326398,-1.7034984534092246e-16,0.0,0.0,0.0,0.0,-1.1102230246251565e-16,208.88,-85.12149532710278,1754048089.496535,2.3378965775576033,-0.38061539698839875,0.0,1754048089.496535,map,base_link,0.05005073547363281,24.36182451248169
1754048089.5710227,1.2996020658434033,-1.6353262848168622,0.0,0.0,0.0,-0.6763715236401489,0.7365606302326398,-1.7034984534092246e-16,0.0,0.0,0.0,0.0,-1.1102230246251565e-16,208.88,-85.12149532710278,1754048089.5590014,2.3378965775576033,-0.38061539698839875,0.0,1754048089.5590014,map,base_link,0.05177927017211914,24.41360378265381
1754048089.6194563,1.2996020658434033,-1.6353262848168622,0.0,0.0,0.0,-0.6763715236401489,0.7365606302326398,-1.7034984534092246e-16,0.0,0.0,0.0,0.0,-1.1102230246251565e-16,208.88,-85.12149532710278,1754048089.5965135,2.3378965775576033,-0.38061539698839875,0.0,1754048089.5965135,map,base_link,0.048433542251586914,24.462037324905396
1754048089.683637,1.2996020658434033,-1.6353262848168622,0.0,0.0,0.0,-0.6763715236401489,0.7365606302326398,-1.7034984534092246e-16,0.0,0.0,0.0,0.0,-1.1102230246251565e-16,208.88,-85.12149532710278,1754048089.6590102,2.3378965775576033,-0.38061539698839864,0.0,1754048089.6590102,map,base_link,0.06418061256408691,24.526217937469482
1754048089.7194257,1.2996020658434033,-1.6353262848168622,0.0,0.0,0.0,-0.6763715236401489,0.7365606302326398,-1.7034984534092246e-16,0.0,0.0,0.0,0.0,-1.1102230246251565e-16,208.88,-85.12149532710278,1754048089.6965103,2.3378965775576033,-0.38061539698839886,0.0,1754048089.6965103,map,base_link,0.035788774490356445,24.56200671195984
1754048089.7709243,1.299574946135655,-1.6350044580509986,0.0,0.0,0.0,-0.6771640819458074,0.73583205021424,-0.002608808372365405,0.0,0.0,0.0,0.0,-0.017392055815768342,208.86,-85.24485981308405,1754048089.7590327,2.3375873881780027,-0.38052207028634133,0.0,1754048089.7590327,map,base_link,0.0514986515045166,24.613505363464355
1754048089.823184,1.299574946135655,-1.6350044580509986,0.0,0.0,0.0,-0.6771640819458074,0.73583205021424,-0.002608808372365405,0.0,0.0,0.0,0.0,-0.017392055815768342,208.86,-85.24485981308405,1754048089.796857,2.3375873881780027,-0.38052207028634133,0.0,1754048089.796857,map,base_link,0.05225968360900879,24.665765047073364
1754048089.869163,1.2995485194207403,-1.6346825736392707,0.0,0.0,0.0,-0.6779558554335235,0.7351026173830422,-0.005200546462079082,0.0,0.0,0.0,0.0,-0.03467030974719286,208.83,-85.36822429906533,1754048089.859126,2.3372784004581924,-0.3804280780803827,0.0,1754048089.859126,map,base_link,0.04597902297973633,24.7117440700531
1754048089.9325237,1.2995227858211713,-1.6343606330739053,0.0,0.0,0.0,-0.6787468431856498,0.7343723325844423,-0.00528536256247314,0.0,0.0,0.0,0.0,-0.03523575041648658,208.8,-85.49158878504663,1754048089.8965526,2.336969615830611,-0.3803334208062624,0.0,1754048089.8965526,map,base_link,0.06336069107055664,24.775104761123657
1754048089.9692163,1.2995220922479158,-1.634360683256102,0.0,0.0,0.0,-0.683476217977626,0.729972779943883,-0.002721868522568698,0.0,0.0,0.0,0.0,-0.12156424780776809,208.8,-86.23177570093452,1754048089.9591005,2.336969407018108,-0.38033408410065583,0.0,1754048089.9591005,map,base_link,0.03669261932373047,24.811797380447388
1754048090.0194592,1.2995227864115664,-1.6343606420379075,0.0,0.0,0.0,-0.6866133040194602,0.7270228130832487,-0.002675943375741582,0.0,0.0,0.0,0.0,-0.19033265216398648,208.8,-86.72523364485969,1754048089.9965978,2.3369696243818483,-0.38033342355912214,0.0,1754048089.9965978,map,base_link,0.05024290084838867,24.862040281295776
1754048090.0697107,1.299479592601575,-1.6333927175778156,0.0,0.0,0.0,-0.6936251069318697,0.720336179178689,-0.005167611323459399,0.0,0.0,0.0,0.0,-0.275335941204944,208.73,-87.83551401869158,1754048090.059109,2.3360538415009957,-0.3800170611390987,0.0,1754048090.059109,map,base_link,0.05025148391723633,24.912291765213013
1754048090.1194513,1.299479592601575,-1.6333927175778156,0.0,0.0,0.0,-0.6982635075522293,0.7158408161182609,-0.007730807878456936,0.0,0.0,0.0,0.0,-0.29281324145433674,208.73,-88.5757009345793,1754048090.09664,2.3360538415009957,-0.3800170611390987,0.0,1754048090.09664,map,base_link,0.04974055290222168,24.962032318115234
1754048090.1723123,1.2994641685181596,-1.6321009807089892,0.0,0.0,0.0,-0.7074527154319029,0.706760677618688,-0.015480759153412845,0.0,0.0,0.0,0.0,-0.37924798955026884,208.62,-90.0560747663551,1754048090.1592028,2.334847240842591,-0.3795556102838914,0.0,1754048090.1592028,map,base_link,0.05286097526550293,25.014893293380737
1754048090.220355,1.2994669184179661,-1.6317780255086114,0.0,0.0,0.0,-0.7127586602000066,0.7014093614358818,-0.012889710281080768,0.0,0.0,0.0,0.0,-0.39690712561241676,208.6,-90.91962616822427,1754048090.19652,2.3345480043548337,-0.3794340983593957,0.0,1754048090.19652,map,base_link,0.04804277420043945,25.062936067581177
1754048090.2694542,1.2994960235312392,-1.6308096204513816,0.0,0.0,0.0,-0.7239918572386067,0.689808517381594,-0.015447081229613852,0.0,0.0,0.0,0.0,-0.44699470536417396,208.52,-92.77009345794383,1754048090.2591,2.3336584048129496,-0.3790503430759574,0.0,1754048090.2591,map,base_link,0.04909920692443848,25.112035274505615
1754048090.3295705,1.2995341831924725,-1.6301648331687653,0.0,0.0,0.0,-0.7313759500465831,0.6819745007648438,-0.015408065243265937,0.0,0.0,0.0,0.0,-0.5156771052450455,208.48,-94.00373831775703,1754048090.296802,2.3324651990854885,-0.3704435167679111,0.0,1754048090.296802,map,base_link,0.06011629104614258,25.172151565551758
1754048090.3694816,1.2996555564005952,-1.6288788247229338,0.0,0.0,0.0,-0.7458889976428013,0.6660702689622299,-0.01807907922845069,0.0,0.0,0.0,0.0,-0.6365598195207546,208.38,-96.47102803738318,1754048090.3589518,2.3312907640370577,-0.36990569570527365,0.0,1754048090.3589518,map,base_link,0.03991103172302246,25.21206259727478
1754048090.4196901,1.2996555564005952,-1.6288788247229335,0.0,0.0,0.0,-0.754431278581009,0.6563790413310163,-0.012930223350856076,0.0,0.0,0.0,0.0,-0.66979919009578,208.38,-97.9514018691589,1754048090.3968968,2.33214256444556,-0.370206727939817,0.0,1754048090.3968968,map,base_link,0.05020856857299805,25.26227116584778
1754048090.4795585,1.299804376873854,-1.6279214284947663,0.0,0.0,0.0,-0.7649319074317462,0.6441111526691883,-0.012880075425650114,0.0,0.0,0.0,0.0,-0.6726565570977857,208.32,-99.80186915887853,1754048090.4465425,2.329541137716618,-0.37279713334620057,0.0,1754048090.4216259,map,base_link,0.05986833572387695,25.322139501571655
1754048090.5207973,1.2999246041363943,-1.6272867893275642,0.0,0.0,0.0,-0.7759126552261131,0.6308403533858332,-0.012951041619601205,0.0,0.0,0.0,0.0,-0.6731388655254303,208.28,-101.77570093457945,1754048090.4965806,2.328661722311361,-0.3723906604873972,0.0,1754048090.4965806,map,base_link,0.04123878479003906,25.363378286361694
1754048090.5695362,1.3002160589468457,-1.6260283870873145,0.0,0.0,0.0,-0.7906346465993774,0.6122882128513316,-0.015427334494898762,0.0,0.0,0.0,0.0,-0.7230154275530498,208.2,-104.4897196261682,1754048090.5591252,2.327517570552552,-0.37179112828841565,0.0,1754048090.5591252,map,base_link,0.048738956451416016,25.41211724281311
1754048090.6252558,1.3004762754125994,-1.6250951034838912,0.0,0.0,0.0,-0.8004185909571285,0.599441472747928,-0.02006056167282861,0.0,0.0,0.0,0.0,-0.7758734817667317,208.14,-106.34018691588791,1754048090.5996032,2.3160485829444264,-0.38285582703355625,0.0,1754048090.5996032,map,base_link,0.055719614028930664,25.46783685684204
1754048090.6693437,1.3009720702305447,-1.623558465083864,0.0,0.0,0.0,-0.8162601060631619,0.5776845499489801,-0.026020811509368375,0.0,0.0,0.0,0.0,-0.8663412237625465,208.05,-109.42429906542058,1754048090.659971,2.3234868004524203,-0.40487089384247077,0.0,1754048090.659971,map,base_link,0.044087886810302734,25.511924743652344
1754048090.7277749,1.3011986421462245,-1.6229535841097784,0.0,0.0,0.0,-0.8248738223132863,0.5653168821663376,-0.026074128784773342,0.0,0.0,0.0,0.0,-0.8724368332614054,208.02,-111.15140186915886,1754048090.6965883,2.3229215907324323,-0.4045582378042809,0.0,1754048090.6965883,map,base_link,0.058431148529052734,25.570355892181396
1754048090.7691975,1.3017008543497335,-1.6217634358855069,0.0,0.0,0.0,-0.8392031986033281,0.5438179763983009,-0.020523686407396637,0.0,0.0,0.0,0.0,-0.8258464349102412,207.96,-114.11214953271023,1754048090.7591577,2.322430143519222,-0.40024127307163027,0.0,1754048090.7591577,map,base_link,0.04142260551452637,25.611778497695923
1754048090.8197417,1.301834378534697,-1.6214693640053768,0.0,0.0,0.0,-0.8478751755944128,0.5301958945623245,-0.018126736307400363,0.0,0.0,0.0,0.0,-0.8460159890775605,207.94,-115.96261682242987,1754048090.796563,2.3202424905610712,-0.396588039243726,0.0,1754048090.796563,map,base_link,0.05054426193237305,25.662322759628296
1754048090.877159,1.3022817493786134,-1.6206101437108849,0.0,0.0,0.0,-0.8618360564476515,0.5071869594210409,-0.01567737634121539,0.0,0.0,0.0,0.0,-0.8619108066382131,207.9,-119.04672897196266,1754048090.8591256,2.319095894444884,-0.4067431785642657,0.0,1754048090.8591256,map,base_link,0.05741739273071289,25.71974015235901
1754048090.9202864,1.302930715213028,-1.619493181986061,0.0,0.0,0.0,-0.8704440357021163,0.4922673874131954,-0.018131961383370636,0.0,0.0,0.0,0.0,-0.8751617268783309,207.86,-121.02056074766355,1754048090.8971798,2.318017103618838,-0.4060325657986903,0.0,1754048090.8971798,map,base_link,0.04312729835510254,25.76286745071411
1754048090.9691978,1.3034520955938667,-1.6186767490831666,0.0,0.0,0.0,-0.8833760601185201,0.46866484443521117,-0.023940225916902945,0.0,0.0,0.0,0.0,-0.884872160226782,207.82,-124.10467289719622,1754048090.9589646,2.2956994207458394,-0.4183921650743436,0.0,1754048090.9589646,map,base_link,0.048911333084106445,25.811778783798218
1754048091.0226057,1.3038257207650434,-1.6181498065696391,0.0,0.0,0.0,-0.8903390908465795,0.45529803789439544,-0.021835052543457384,0.0,0.0,0.0,0.0,-0.8650771780905109,207.81,-125.83177570093457,1754048090.9966443,2.2951648780614464,-0.41802949676905454,0.0,1754048090.9966443,map,base_link,0.053407907485961914,25.86518669128418
1754048091.070014,1.3044170949915128,-1.6173824612452525,0.0,0.0,0.0,-0.90226903877734,0.43117349369344926,-0.02025569094169275,0.0,0.0,0.0,0.0,-0.8565919504745496,207.78,-128.91588785046724,1754048091.0589848,2.303804500521035,-0.4184937376590794,0.0,1754048091.0589848,map,base_link,0.047408342361450195,25.91259503364563
1754048091.158343,1.304626664250872,-1.617136722147457,0.0,0.0,0.0,-0.9091138469913222,0.4165477322092135,-0.019790707820328064,0.0,0.0,0.0,0.0,-0.8473969527329069,207.78,-130.7663551401869,1754048091.0966382,2.3035488776925375,-0.41829634478128286,0.0,1754048091.0966382,map,base_link,0.08832907676696777,26.000924110412598
1754048091.169425,1.3050629644890417,-1.6166604748282771,0.0,0.0,0.0,-0.921255209835622,0.3889586589224157,-0.013140548909663841,0.0,0.0,0.0,0.0,-0.9122774303886402,207.77,-134.2205607476635,1754048091.1591098,2.3032980012272146,-0.4180929535872733,0.0,1754048091.1349328,map,base_link,0.011081933975219727,26.012006044387817
1754048091.2191582,1.3050585456678856,-1.616656043014078,0.0,0.0,0.0,-0.9270126669197052,0.3750300192923437,-0.007876937937395434,0.0,0.0,0.0,0.0,-0.9112257588716627,207.77,-135.94766355140177,1754048091.1966982,2.2919424707086127,-0.4195757191295355,0.0,1754048091.1966982,map,base_link,0.04973316192626953,26.061739206314087
1754048091.2693298,1.3050562100790206,-1.6166534673872968,0.0,0.0,0.0,-0.9371454601814045,0.34893894374429407,-0.00269269606972146,0.0,0.0,0.0,0.0,-0.8847072845651436,207.77,-139.1551401869159,1754048091.2590287,2.291940134477153,-0.41957829417346293,0.0,1754048091.2590287,map,base_link,0.050171613693237305,26.111910820007324
1754048091.3217428,1.3050517489636144,-1.61664813333246,0.0,0.0,0.0,-0.9430165911566798,0.3327457119231372,0.002198626100435412,0.0,0.0,0.0,0.0,-0.861102445211167,207.77,-141.12897196261673,1754048091.2991111,2.2899072982564523,-0.4426360550958499,0.0,1754048091.2991111,map,base_link,0.052412986755371094,26.164323806762695
1754048091.37023,1.3047894728837313,-1.6168367756622843,0.0,0.0,0.0,-0.950965745815778,0.3092962177024497,0.0048110399286854415,0.0,0.0,0.0,0.0,-0.8596237543447485,207.77,-143.96635514018686,1754048091.3590279,2.2895890584256926,-0.4436548476454596,0.0,1754048091.3590279,map,base_link,0.048487186431884766,26.21281099319458
1754048091.4207888,1.304787482427476,-1.6168339248882564,0.0,0.0,0.0,-0.9555192163088325,0.29492885119051093,0.004536639857261678,0.0,0.0,0.0,0.0,-0.8191761829294333,207.76,-145.6934579439252,1754048091.3975544,2.2895866918093724,-0.44365739479206967,0.0,1754048091.3975544,map,base_link,0.05055880546569824,26.26336979866028
1754048091.474356,1.3050608366403487,-1.6166621344938796,0.0,0.0,0.0,-0.9631099105568126,0.2691083428421506,0.00024047608163308315,0.0,0.0,0.0,0.0,-0.830313716839856,207.77,-148.77757009345788,1754048091.4602134,2.2845554887006214,-0.4436739262273941,0.0,1754048091.4602134,map,base_link,0.05356717109680176,26.31693696975708
1754048091.519534,1.3047837515164677,-1.6168280586114074,0.0,0.0,0.0,-0.9667817087377563,0.2556034578211025,4.190402549373659e-05,0.0,0.0,0.0,0.0,-0.8277059439442059,207.76,-150.38130841121497,1754048091.4966252,2.2789060836948787,-0.44453531405686797,0.0,1754048091.4966252,map,base_link,0.04517817497253418,26.362115144729614
1754048091.5695455,1.304218825218851,-1.6171412264642377,0.0,0.0,0.0,-0.9730624223051518,0.2305418016274497,0.0050237029353197024,0.0,0.0,0.0,0.0,-0.8256267790643654,207.75,-153.34205607476633,1754048091.5590754,2.279344803561543,-0.445009382305519,0.0,1754048091.5590754,map,base_link,0.050011396408081055,26.412126541137695
1754048091.6192274,1.3039275868231959,-1.6172808229382247,0.0,0.0,0.0,-0.977118488809136,0.21269569536629152,0.007488445664683924,0.0,0.0,0.0,0.0,-0.8491709583764194,207.75,-155.4392523364486,1754048091.5965908,2.2764238120077236,-0.4590339056797339,0.0,1754048091.5965908,map,base_link,0.049681901931762695,26.461808443069458
1754048091.6799307,1.3030367452901888,-1.6176615719313991,0.0,0.0,0.0,-0.9816769480757742,0.19055280007555325,0.01033466527684174,0.0,0.0,0.0,0.0,-0.9048110927698069,207.72,-158.0299065420561,1754048091.6469815,2.276744728043773,-0.45245862453539765,0.0,1754048091.6469815,map,base_link,0.060703277587890625,26.52251172065735
1754048091.7226994,1.3021310774401536,-1.618005569283345,0.0,0.0,0.0,-0.9857336846599554,0.16831251565676145,0.018161176827069612,0.0,0.0,0.0,0.0,-0.9158334112188719,207.69,-160.6205607476636,1754048091.6965523,2.277246228331635,-0.45106058780504577,0.0,1754048091.6965523,map,base_link,0.04276871681213379,26.565280437469482
1754048091.7692356,1.3012078502021145,-1.6182989973012731,0.0,0.0,0.0,-0.989906101416134,0.1417247698149858,0.018052390924268618,0.0,0.0,0.0,0.0,-0.880105732052462,207.65,-163.70467289719636,1754048091.759073,2.2778664627464646,-0.45180473685290035,0.0,1754048091.759073,map,base_link,0.04653620719909668,26.61181664466858
1754048091.831477,1.3008966205636843,-1.6183852706506698,0.0,0.0,0.0,-0.9920655603754776,0.12572161276761362,0.012800615940756386,0.0,0.0,0.0,0.0,-0.8811199340307428,207.64,-165.55514018691602,1754048091.7966702,2.275310521660751,-0.45425349560270645,0.0,1754048091.7966702,map,base_link,0.062241315841674805,26.674057960510254
1754048091.8767965,1.3002674969967918,-1.618531531668159,0.0,0.0,0.0,-0.9947646738296895,0.10219219001720034,0.012944928382243783,0.0,0.0,0.0,0.0,-0.8104457103082261,207.61,-168.26915887850478,1754048091.8594313,2.266253453218915,-0.4608046679226012,0.0,1754048091.8594313,map,base_link,0.045319557189941406,26.719377517700195
1754048091.919303,1.299948953964337,-1.6185852500918274,0.0,0.0,0.0,-0.9962851402007746,0.08611573268063685,0.01007947976239953,0.0,0.0,0.0,0.0,-0.8242221296922088,207.6,-170.1196261682244,1754048091.897484,2.266029979491858,-0.4558271301184402,0.0,1754048091.897484,map,base_link,0.04250645637512207,26.761883974075317
1754048091.970012,1.2993105835637286,-1.6186837338844653,0.0,0.0,0.0,-0.9981773719796367,0.060348438818463225,0.010225689639677654,0.0,0.0,0.0,0.0,-0.8320742976752559,207.57,-173.08037383177583,1754048091.9591334,2.2664200343588603,-0.4563419825502233,0.0,1754048091.9465873,map,base_link,0.05070900917053223,26.81259298324585
1754048092.0208178,1.29898931171784,-1.6187167699207408,0.0,0.0,0.0,-0.9990217142418012,0.04422233003102591,0.01276009138396631,0.0,0.0,0.0,0.0,-0.8435666814575813,207.55,-174.93084112149546,1754048091.9965432,2.266601795070515,-0.45660894700919163,0.0,1754048091.9965432,map,base_link,0.05080580711364746,26.863398790359497
1754048092.0690966,1.297699745662162,-1.6187906821385396,0.0,0.0,0.0,-0.9998680327068789,0.016245527719217823,0.012835699222890124,0.0,0.0,0.0,0.0,-0.8782272303471228,207.47,-178.13831775700947,1754048092.0592158,2.2672797321211364,-0.45770842187624927,0.0,1754048092.0592158,map,base_link,0.04827880859375,26.911677598953247
1754048092.11902,1.2973767847780668,-1.6187924838038903,0.0,0.0,0.0,-0.9999999952108363,9.786892986088877e-05,0.015398071536571228,0.0,0.0,0.0,0.0,-0.8615499797870173,207.45,-179.98878504672913,1754048092.0966203,2.26442666675723,-0.4634806060352161,0.0,1754048092.0966203,map,base_link,0.04992341995239258,26.96160101890564
1754048092.1689677,1.2957632535036578,-1.6187312781946337,0.0,0.0,-0.0,-0.99958042197474,-0.028965151558394183,0.02065064938298278,0.0,0.0,0.0,0.0,-0.8958556869150518,207.35,176.68037383177563,1754048092.158991,2.256823402399192,-0.48072523167507075,0.0,1754048092.158991,map,base_link,0.04994773864746094,27.0115487575531
1754048092.219911,1.2947972399144214,-1.6186567890083159,0.0,0.0,-0.0,-0.998982374774992,-0.04510227143855997,0.02331628377579387,0.0,0.0,0.0,0.0,-0.8813101025359575,207.28,174.8299065420559,1754048092.1964583,2.257262779352397,-0.4815887586210661,0.0,1754048092.1964583,map,base_link,0.05094337463378906,27.06249213218689
1754048092.2689974,1.2931932020832455,-1.618472214027395,0.0,0.0,-0.0,-0.9974068506761967,-0.07196925888315758,0.028495530142290188,0.0,0.0,0.0,0.0,-0.878577259530217,207.17,171.74579439252324,1754048092.2590759,2.2578119414890105,-0.48275798935635894,0.0,1754048092.2467175,map,base_link,0.04908633232116699,27.111578464508057
1754048092.319471,1.2919183736239375,-1.6182633887246807,0.0,0.0,-0.0,-0.9962089012378855,-0.08699324740693877,0.031048650380778482,0.0,0.0,0.0,0.0,-0.8618420197962541,207.07,170.01869158878503,1754048092.2965872,2.256139396261971,-0.48619794418182005,0.0,1754048092.2965872,map,base_link,0.05047345161437988,27.162051916122437
1754048092.3691895,1.2900202932549123,-1.617874284993223,0.0,0.0,-0.0,-0.9933840096188916,-0.11483992961289101,0.03098323377481743,0.0,0.0,0.0,0.0,-0.8605098393123873,206.92,166.81121495327093,1754048092.3591645,2.2522610913474543,-0.4815911735635243,0.0,1754048092.3591645,map,base_link,0.049718618392944336,27.21177053451538
1754048092.4196951,1.288455153511555,-1.617477156997317,0.0,0.0,-0.0,-0.9911160255031722,-0.13300009019092907,0.03610011942075678,0.0,0.0,0.0,0.0,-0.8945762053238561,206.79,164.71401869158873,1754048092.3967252,2.2530664484763427,-0.482991236849311,0.0,1754048092.3967252,map,base_link,0.050505638122558594,27.26227617263794
1754048092.4837418,1.2856821508983944,-1.6166072228918242,0.0,0.0,-0.0,-0.9861263066734193,-0.16599670866207383,0.04388709036036338,0.0,0.0,0.0,0.0,-1.0168727877072625,206.55,160.88971962616813,1754048092.4590323,2.2543503786930956,-0.48564455924486083,0.0,1754048092.4590323,map,base_link,0.06404662132263184,27.32632279396057
1754048092.519064,1.284165357020627,-1.6160533500243428,0.0,0.0,-0.0,-0.9829233449761278,-0.18401548277506452,0.04364231660579636,0.0,0.0,0.0,0.0,-1.008523324583786,206.41,158.79252336448585,1754048092.4981081,2.2550762721683753,-0.4870869591490177,0.0,1754048092.4981081,map,base_link,0.03532218933105469,27.361644983291626
1754048092.5699034,1.281491620532305,-1.6149148459345737,0.0,0.0,-0.0,-0.9762359518976415,-0.2167103279091837,0.04746145831219499,0.0,0.0,0.0,0.0,-1.044603559405801,206.16,154.96822429906538,1754048092.5590136,2.1841608992178765,-0.5811685451404673,0.0,1754048092.5590136,map,base_link,0.05083942413330078,27.412484407424927
1754048092.6460385,1.2803331977140155,-1.6143431873695602,0.0,0.0,-0.0,-0.9713440082862864,-0.2376779703008477,0.042140479235473066,0.0,0.0,0.0,0.0,-1.0691703638432104,206.04,152.50093457943916,1754048092.597582,2.184704954022681,-0.5823401855760348,0.0,1754048092.597582,map,base_link,0.07613515853881836,27.488619565963745
1754048092.6699474,1.2780788001554801,-1.6130818963281752,0.0,0.0,-0.0,-0.9625813189858778,-0.270992996845689,0.04167951936282095,0.0,0.0,0.0,0.0,-1.1012957640593555,205.8,148.5532710280374,1754048092.6590853,2.2437377228976554,-0.5060040213523673,0.0,1754048092.6590853,map,base_link,0.02390885353088379,27.51252841949463
1754048092.7192338,1.2761762408960096,-1.6118609819239933,0.0,0.0,-0.0,-0.956837289802604,-0.2906241573634368,0.04657748958194038,0.0,0.0,0.0,0.0,-1.0987291446154992,205.59,146.20934579439256,1754048092.6971056,2.241721697220086,-0.5089581454803476,0.0,1754048092.6971056,map,base_link,0.0492863655090332,27.561814785003662
1754048092.7835345,1.2743371747242158,-1.610547047947171,0.0,0.0,-0.0,-0.9466071989909469,-0.32238922255328856,0.041837724877061,0.0,0.0,0.0,0.0,-1.092863460389792,205.37,142.38504672897196,1754048092.7589664,2.232694171037567,-0.5219432436148539,0.0,1754048092.7589664,map,base_link,0.0643007755279541,27.626115560531616
1754048092.8203902,1.2723285932650998,-1.608922157249241,0.0,0.0,-0.0,-0.9394469090551488,-0.3426944777301306,0.04659263730713696,0.0,0.0,0.0,0.0,-1.0698398406002523,205.12,139.91775700934582,1754048092.8015237,2.233220879549088,-0.5243777937392387,0.0,1754048092.8015237,map,base_link,0.03685569763183594,27.662971258163452
1754048092.8737032,1.270410406810699,-1.6071916121146141,0.0,0.0,-0.0,-0.9286916411948392,-0.3708528489506802,0.04693734207895857,0.0,0.0,0.0,0.0,-1.0528218337060165,204.87,136.46355140186913,1754048092.8589847,2.2337432867595677,-0.5272361872911691,0.0,1754048092.8589847,map,base_link,0.05331301689147949,27.71628427505493
1754048092.9259908,1.2685654446324421,-1.6053829452804234,0.0,0.0,-0.0,-0.9221662748869799,-0.38679369366765937,0.05472725386764381,0.0,0.0,0.0,0.0,-1.0016577836558613,204.61,134.48971962616824,1754048092.8965523,2.2343477760541117,-0.529077257883912,0.0,1754048092.8840191,map,base_link,0.05228757858276367,27.768571853637695
1754048092.9694173,1.2661544778374978,-1.6027743924707416,0.0,0.0,-0.0,-0.9096430830912625,-0.41539073338752097,0.05932387712715278,0.0,0.0,0.0,0.0,-0.9838539765606541,204.26,130.9121495327103,1754048092.9590125,2.2331022145499233,-0.5242707922727747,0.0,1754048092.9590125,map,base_link,0.043426513671875,27.81199836730957
1754048093.019349,1.2644979820428752,-1.6007917676911867,0.0,0.0,-0.0,-0.9014233411015494,-0.4329387486900654,0.06426040118983008,0.0,0.0,0.0,0.0,-1.0162507253171984,204.0,128.69158878504675,1754048092.9967725,2.233859700638424,-0.5267408113333965,0.0,1754048092.9967725,map,base_link,0.04993176460266113,27.86193013191223
1754048093.069857,1.2623778862591644,-1.597941720938402,0.0,0.0,-0.0,-0.8864754801487523,-0.46277556449648355,0.06475937968876562,0.0,0.0,0.0,0.0,-1.0812057665699524,203.64,124.86728971962616,1754048093.059159,2.2220694135111283,-0.5514960668558491,0.0,1754048093.059159,map,base_link,0.05050778388977051,27.912437915802002
1754048093.1194735,1.2611214388258798,-1.5960624382120594,0.0,0.0,-0.0,-0.8768248080165997,-0.480809999944524,0.06195116958949589,0.0,0.0,0.0,0.0,-1.0921532073625717,203.42,122.52336448598143,1754048093.0974095,2.220184079510427,-0.5513037542920871,0.0,1754048093.0974095,map,base_link,0.04961657524108887,27.96205449104309
1754048093.1754794,1.2588208049328171,-1.5921712867078477,0.0,0.0,-0.0,-0.8586423490596454,-0.5125751812186521,0.06760859073702888,0.0,0.0,0.0,0.0,-1.1541659684082284,202.97,118.32897196261698,1754048093.159124,2.2130755775622317,-0.5476878937031631,0.0,1754048093.1464996,map,base_link,0.05600595474243164,28.018060445785522
1754048093.219418,1.257353632441545,-1.5892944442858148,0.0,0.0,-0.0,-0.8462626949641153,-0.5327658501744202,0.07184521592099613,0.0,0.0,0.0,0.0,-1.1750691534396094,202.65,115.61495327102817,1754048093.1964679,2.2138328921453514,-0.551488238938054,0.0,1754048093.1964679,map,base_link,0.043938636779785156,28.061999082565308
1754048093.2704692,1.2554449655568773,-1.584843190497631,0.0,0.0,-0.0,-0.824375559765366,-0.566043228438906,0.08030778927858981,0.0,0.0,0.0,0.0,-1.2602053119495689,202.18,111.05046728971979,1754048093.258948,2.2136014936177255,-0.5466443551014788,0.0,1754048093.258948,map,base_link,0.05105113983154297,28.11305022239685
1754048093.3194885,1.2543567014250334,-1.581802692797539,0.0,0.0,-0.0,-0.8107392822462556,-0.5854073933790266,0.08075550135316371,0.0,0.0,0.0,0.0,-1.2662009893858284,201.88,108.336448598131,1754048093.2966332,2.213920112297431,-0.5498579865709952,0.0,1754048093.2966332,map,base_link,0.04901933670043945,28.16206955909729
1754048093.3693948,1.2528468560611312,-1.5765258144011167,0.0,0.0,-0.0,-0.7854532394799235,-0.6189210035137716,0.08803473799196507,0.0,0.0,0.0,0.0,-1.3119012341326608,201.37,103.52523364485995,1754048093.359006,2.219920902779182,-0.5667586951181398,0.0,1754048093.359006,map,base_link,0.049906253814697266,28.211975812911987
1754048093.4239595,1.2521838446033695,-1.573365241100626,0.0,0.0,-0.0,-0.7692015522776094,-0.6390062378206617,0.08800667478652248,0.0,0.0,0.0,0.0,-1.34504614689002,201.08,100.56448598130856,1754048093.396596,2.200684660383258,-0.5698355917469928,0.0,1754048093.396596,map,base_link,0.054564714431762695,28.26654052734375
1754048093.4694724,1.2512598022678032,-1.5669739443502375,0.0,0.0,-0.0,-0.7438647527555348,-0.6683301800816324,0.09565631258033178,0.0,0.0,0.0,0.0,-1.291470305834317,200.53,96.12336448598154,1754048093.4590008,2.209699007631095,-0.5667351700498469,0.0,1754048093.4590008,map,base_link,0.04551291465759277,28.312053442001343
1754048093.5200295,1.2509064613055707,-1.5627906697868454,0.0,0.0,-0.0,-0.7285665264062869,-0.6849750481588927,0.10457197770917478,0.0,0.0,0.0,0.0,-1.2469068389677243,200.18,93.53271028037398,1754048093.497838,2.2098890463069782,-0.5709290371447826,0.0,1754048093.497838,map,base_link,0.05055713653564453,28.362610578536987
1754048093.5785258,1.2506862906263192,-1.5563360988895802,0.0,0.0,-0.0,-0.7091108402279044,-0.7050970261398608,0.11811709317348103,0.0,0.0,0.0,0.0,-1.1650156546647532,199.66,90.32523364486006,1754048093.5475833,2.1688476430063943,-0.5976852609642676,0.0,1754048093.5475833,map,base_link,0.05849623680114746,28.421106815338135
1754048093.6206126,1.2508395259341358,-1.5502023638444864,0.0,0.0,-0.0,-0.688319079062832,-0.7254080544066869,0.12176019804360534,0.0,0.0,0.0,0.0,-1.1640471563901058,199.19,86.99439252336471,1754048093.5966568,2.177574957728361,-0.5941819966093222,0.0,1754048093.5966568,map,base_link,0.04208683967590332,28.463193655014038
1754048093.6693306,1.2515475010881032,-1.5418362820534035,0.0,0.0,-0.0,-0.6661432651303071,-0.7458238064861791,0.13140725344817797,0.0,0.0,0.0,0.0,-1.0561865332462432,198.59,83.54018691588809,1754048093.6589878,2.1727715288053773,-0.5927279150918467,0.0,1754048093.6589878,map,base_link,0.04871797561645508,28.511911630630493
1754048093.7195249,1.252264907288047,-1.5363932157453357,0.0,0.0,-0.0,-0.6523827828186765,-0.7578896388536788,0.1375399016354284,0.0,0.0,0.0,0.0,-1.022043750148811,198.21,81.4429906542058,1754048093.6966357,2.1670175118466126,-0.5982435274198747,0.0,1754048093.6966357,map,base_link,0.05019426345825195,28.562105894088745
1754048093.7702086,1.2538122495026927,-1.5278127238644335,0.0,0.0,-0.0,-0.6300806739737637,-0.7765296802342895,0.1428194799417238,0.0,0.0,0.0,0.0,-0.9521298662781594,197.64,78.11214953271046,1754048093.759018,2.1743940732579805,-0.597303119931065,0.0,1754048093.759018,map,base_link,0.05068373680114746,28.612789630889893
1754048093.8268037,1.2550413281480668,-1.5224619287671395,0.0,0.0,-0.0,-0.6157642991093148,-0.7879304080579796,0.14280368453105902,0.0,0.0,0.0,0.0,-0.9520245635403939,197.31,76.01495327102823,1754048093.7964616,2.1743008755992737,-0.6027924693174813,0.0,1754048093.7964616,map,base_link,0.0565950870513916,28.669384717941284
1754048093.869374,1.257783225294196,-1.5128346360442855,0.0,0.0,-0.0,-0.5891304578060269,-0.808037934558311,0.15244296170299393,0.0,0.0,0.0,0.0,-1.0162864113532937,196.74,72.19065420560769,1754048093.859025,2.153186754859478,-0.6128678618581365,0.0,1754048093.859025,map,base_link,0.04257035255432129,28.711955070495605
1754048093.918986,1.2597790037403596,-1.5070323261482477,0.0,0.0,-0.0,-0.5724802733089988,-0.8199184939200079,0.16268900580652262,0.0,0.0,0.0,0.0,-1.0845933720434855,196.42,69.84672897196283,1754048093.8965986,2.150956462628432,-0.6182401953952354,0.0,1754048093.8965986,map,base_link,0.04961204528808594,28.76156711578369
1754048093.9694345,1.2636710252923782,-1.4974604246481997,0.0,0.0,-0.0,-0.5439001057128533,-0.8391499717008557,0.16908841572256167,0.0,0.0,0.0,0.0,-1.1272561048170793,195.94,65.899065420561,1754048093.9590397,2.150144370974724,-0.6294750578957242,0.0,1754048093.9590397,map,base_link,0.05044841766357422,28.812015533447266
1754048094.0195704,1.2664347894422596,-1.4916227577297214,0.0,0.0,-0.0,-0.5257075567900771,-0.8506653658953137,0.171964663359311,0.0,0.0,0.0,0.0,-1.1464310890620744,195.67,63.43177570093487,1754048093.9965234,2.1493603672898707,-0.6358861487193985,0.0,1754048093.9965234,map,base_link,0.05013585090637207,28.862151384353638
1754048094.0699308,1.271701082588798,-1.4819898792477357,0.0,0.0,-0.0,-0.49422549542313177,-0.8693337446997902,0.16924158294599864,0.0,0.0,0.0,0.0,-1.1282772196399922,195.28,59.23738317757042,1754048094.0653067,2.1470972835502407,-0.6368263733541482,0.0,1754048094.0653067,map,base_link,0.05036044120788574,28.912511825561523
1754048094.1217976,1.2747705865605135,-1.4770533113243784,0.0,0.0,-0.0,-0.4772877684532138,-0.8787470546664446,0.1743117807190638,0.0,0.0,0.0,0.0,-1.162078538127093,195.11,57.01682242990686,1754048094.0965953,2.1459571702031504,-0.6425265223916806,0.0,1754048094.0965953,map,base_link,0.051866769790649414,28.964378595352173
1754048094.1692588,1.281080171358997,-1.4680691401870543,0.0,0.0,-0.0,-0.444810495369247,-0.8956247111426555,0.17885270184818536,0.0,0.0,0.0,0.0,-1.1923513456545698,194.84,52.82242990654241,1754048094.1593177,2.143205008672913,-0.6531544007437071,0.0,1754048094.1593177,map,base_link,0.04746127128601074,29.011839866638184
1754048094.2280333,1.2850930625931776,-1.4630081668350299,0.0,0.0,-0.0,-0.4254250411261896,-0.904993665382681,0.17331167750282642,0.0,0.0,0.0,0.0,-1.1554111833521765,194.73,50.35514018691627,1754048094.1965513,2.139475893616121,-0.6629538845283356,0.0,1754048094.1840165,map,base_link,0.058774471282958984,29.070614337921143
1754048094.276927,1.2923910860225376,-1.454806167991932,0.0,0.0,-0.0,-0.3940018786138627,-0.919109634183402,0.17572300595361084,0.0,0.0,0.0,0.0,-1.1368739089087168,194.6,46.407476635514385,1754048094.2590435,2.0584678711719526,-0.7405566365110534,0.0,1754048094.2590435,map,base_link,0.04889369010925293,29.119508028030396
1754048094.3208249,1.2969443055938012,-1.4502252358964816,0.0,0.0,-0.0,-0.3741225824509282,-0.9273792607667309,0.17645490395754976,0.0,0.0,0.0,0.0,-1.1417532289349763,194.56,43.94018691588824,1754048094.296455,2.0565078987258083,-0.7467109240683277,0.0,1754048094.296455,map,base_link,0.04389786720275879,29.163405895233154
1754048094.3744848,1.3053715260600625,-1.442695376727813,0.0,0.0,-0.0,-0.3389220797432985,-0.9408144470948973,0.1810054258473877,0.0,0.0,0.0,0.0,-1.172090041533896,194.56,39.62242990654252,1754048094.3589735,2.112859187164493,-0.677575592584461,0.0,1754048094.3589735,map,base_link,0.053659915924072266,29.217065811157227
1754048094.4195626,1.310691685829378,-1.4384896799431919,0.0,0.0,-0.0,-0.3175676098966204,-0.9482356316573154,0.17722037757502418,0.0,0.0,0.0,0.0,-1.1814691838334959,194.61,37.031775700935086,1754048094.397635,2.090177074294745,-0.7072636659369427,0.0,1754048094.397635,map,base_link,0.04507780075073242,29.26214361190796
1754048094.4877033,1.3199634329729621,-1.432028137651107,0.0,0.0,-0.0,-0.28162157685181527,-0.9595255533082467,0.1811065575668366,0.0,0.0,0.0,0.0,-1.2073770504455787,194.76,32.71401869158935,1754048094.4591157,2.025965902986062,-0.7550971109131281,0.0,1754048094.4591157,map,base_link,0.06814074516296387,29.330284357070923
1754048094.5208237,1.3268531600870628,-1.4278195445616948,0.0,0.0,-0.0,-0.25985877031699006,-0.9656466328265956,0.19220918385066782,0.0,0.0,0.0,0.0,-1.2187104094344785,194.92,30.123364485981877,1754048094.4966645,2.0230434130331125,-0.7626230426145144,0.0,1754048094.4966645,map,base_link,0.03312039375305176,29.363404750823975
1754048094.5731769,1.3376937784910878,-1.4220719747589472,0.0,0.0,-0.0,-0.2243470609837541,-0.9745093104880793,0.19884073321911452,0.0,0.0,0.0,0.0,-1.1945544340481538,195.24,25.928971962617325,1754048094.559499,2.0190608904572853,-0.7714542245547671,0.0,1754048094.5466738,map,base_link,0.0523531436920166,29.41575789451599
1754048094.626727,1.3450209255482501,-1.4186815407793945,0.0,0.0,-0.0,-0.20436831582910686,-0.9788940655071796,0.2088850133646069,0.0,0.0,0.0,0.0,-1.1853953980620335,195.49,23.58504672897252,1754048094.5965965,2.00550164501688,-0.7689748084018106,0.0,1754048094.5841222,map,base_link,0.05355024337768555,29.469308137893677
1754048094.672993,1.354302740840811,-1.4149315923357442,0.0,0.0,-0.0,-0.177951571052109,-0.9840392463515295,0.2040938087918475,0.0,0.0,0.0,0.0,-1.0867514182409226,195.86,20.50093457943975,1754048094.646535,2.0096050003056343,-0.8006904336547309,0.0,1754048094.646535,map,base_link,0.04626584053039551,29.515573978424072
1754048094.7206793,1.3640677993300903,-1.411549848404065,0.0,0.0,-0.0,-0.15459757962043424,-0.9879775242258821,0.20208034609365466,0.0,0.0,0.0,0.0,-1.0350858315673965,196.29,17.78691588785104,1754048094.6983025,1.9953758275474687,-0.7900853070020174,0.0,1754048094.6983025,map,base_link,0.04768633842468262,29.563260316848755
1754048094.770646,1.3755485799581801,-1.4082415570590812,0.0,0.0,-0.0,-0.1258187045602655,-0.9920532513846102,0.19746473556967933,0.0,0.0,0.0,0.0,-0.9260457346265722,196.86,14.456074766355746,1754048094.759037,2.0193186050390546,-0.8108783803019166,0.0,1754048094.759037,map,base_link,0.04996681213378906,29.613227128982544
1754048094.8261514,1.3830923046697952,-1.4064619338649644,0.0,0.0,-0.0,-0.10657222973179391,-0.9943049632029369,0.20025844429214099,0.0,0.0,0.0,0.0,-0.9415421818677558,197.26,12.235514018692236,1754048094.796525,2.0161204116443967,-0.8179385786169805,0.0,1754048094.796525,map,base_link,0.05550527572631836,29.668732404708862
1754048094.8766863,1.3945210540244353,-1.4043335200195846,0.0,0.0,-0.0,-0.07870301145888185,-0.9968981071239443,0.21198599663812737,0.0,0.0,0.0,0.0,-1.034199024279178,197.91,9.02803738317833,1754048094.846497,2.0108256149669543,-0.8282880513307441,0.0,1754048094.846497,map,base_link,0.050534963607788086,29.71926736831665
1754048094.9191778,1.4050853268902979,-1.4029306093321408,0.0,0.0,-0.0,-0.05399737470875805,-0.9985410775349014,0.22229540375705953,0.0,0.0,0.0,0.0,-1.033978438281388,198.56,6.190654205608129,1754048094.8965762,1.9861448204155514,-0.8180687675375553,0.0,1754048094.8965762,map,base_link,0.04249143600463867,29.76175880432129
1754048094.9697993,1.4189279972889541,-1.4018413078371084,0.0,0.0,-0.0,-0.02280148445402906,-0.999740012356559,0.22247690313966412,0.0,0.0,0.0,0.0,-0.9996862620821414,199.46,2.61308411215016,1754048094.9589348,1.9587814621633342,-0.7900971864860578,0.0,1754048094.9589348,map,base_link,0.05062150955200195,29.81238031387329
1754048095.0192516,1.4286132912460758,-1.4016039087266234,0.0,0.0,-0.0,-0.0012722957469928806,-0.9999991906314386,0.2358283812809904,0.0,0.0,0.0,0.0,-1.0538301274376003,200.14,0.1457943925240743,1754048094.996716,1.953931372821798,-0.7984839564693491,0.0,1754048094.996716,map,base_link,0.04945230484008789,29.86183261871338
1754048095.0730722,1.4434599223947489,-1.4020673222108204,0.0,-0.0,0.0,0.031019474130779177,-0.9995187803261377,0.24289672216318375,0.0,0.0,0.0,0.0,-1.1036206723937805,201.23,-3.5551401869152324,1754048095.0589845,1.9556132668950847,-0.8312081111688028,0.0,1754048095.0589845,map,base_link,0.05382061004638672,29.915653228759766
1754048095.1399932,1.4524735651856937,-1.4027896462674523,0.0,-0.0,0.0,0.050381161151941904,-0.9987300629304107,0.24541948173503983,0.0,0.0,0.0,0.0,-1.0857113893704229,201.93,-5.775700934578745,1754048095.096679,1.952538961055475,-0.8365186725525697,0.0,1754048095.0840917,map,base_link,0.06692099571228027,29.982574224472046
1754048095.169432,1.4681633542740142,-1.4048402487034943,0.0,-0.0,0.0,0.07938595039385882,-0.9968439551304225,0.24909259311336446,0.0,0.0,0.0,0.0,-0.9720691199614059,203.2,-9.106542056074039,1754048095.158952,1.9548945703870038,-0.8401392756661217,0.0,1754048095.1221964,map,base_link,0.02943873405456543,30.01201295852661
1754048095.2208948,1.4780150463077562,-1.4066211332004113,0.0,-0.0,0.0,0.0997579727051152,-0.9950117320322236,0.25434974099666763,0.0,0.0,0.0,0.0,-1.0111390484858058,204.04,-11.450467289718942,1754048095.198294,1.9574919363219034,-0.8513856920019389,0.0,1754048095.198294,map,base_link,0.05146288871765137,30.063475847244263
1754048095.2698321,1.4931187878336278,-1.4101046030441198,0.0,-0.0,0.0,0.12756614984908352,-0.9918300647856372,0.26071823265327554,0.0,0.0,0.0,0.0,-0.9689695937725531,205.37,-14.65794392523295,1754048095.2590904,1.9506471712032405,-0.8619579283504054,0.0,1754048095.2465363,map,base_link,0.048937320709228516,30.11241316795349
1754048095.3189545,1.50182489991556,-1.4125485196120457,0.0,-0.0,0.0,0.14463058629972084,-0.989485721729525,0.24962890127991894,0.0,0.0,0.0,0.0,-0.9285101130013629,206.17,-16.631775700933837,1754048095.2966087,1.924183629917721,-0.8621480323366562,0.0,1754048095.2966087,map,base_link,0.04912233352661133,30.161535501480103
1754048095.3690844,1.5168414307605604,-1.4175359175432272,0.0,-0.0,0.0,0.17332689482875743,-0.9848643498111914,0.24387403515988743,0.0,0.0,0.0,0.0,-0.9082062369082852,207.61,-19.962616822429183,1754048095.359697,1.9255295350076638,-0.8757412941522422,0.0,1754048095.359697,map,base_link,0.05012989044189453,30.211665391921997
1754048095.4300032,1.5258809044237598,-1.4210220291731133,0.0,-0.0,0.0,0.19237790735728497,-0.9813209162964132,0.25086157755893257,0.0,0.0,0.0,0.0,-0.9500328466704502,208.51,-22.183177570092646,1754048095.3966043,1.921605267061643,-0.8686356054547573,0.0,1754048095.3839512,map,base_link,0.06091880798339844,30.272584199905396
1754048095.4696157,1.5397578697987704,-1.4271687296582147,0.0,-0.0,0.0,0.22081675300634127,-0.9753153139327488,0.2504108298704476,0.0,0.0,0.0,0.0,-0.9464709398553351,209.94,-25.514018691588145,1754048095.4591024,1.9113973021146369,-0.8762883784878583,0.0,1754048095.4591024,map,base_link,0.039612531661987305,30.312196731567383
1754048095.5191333,1.5484299915288255,-1.431488781603548,0.0,-0.0,0.0,0.2375829047639439,-0.9713672649229677,0.25078883327428936,0.0,0.0,0.0,0.0,-0.9456941897936331,210.87,-27.487850467289082,1754048095.4965227,1.9054953485469495,-0.8839718339732595,0.0,1754048095.4965227,map,base_link,0.04951763153076172,30.361714363098145
1754048095.5712535,1.5614051374878217,-1.4387208918461012,0.0,-0.0,0.0,0.2646753602893712,-0.9643375724587794,0.24253294934680988,0.0,0.0,0.0,0.0,-0.8918450220457622,212.32,-30.6953271028031,1754048095.55918,1.8959106567978388,-0.8953204689260729,0.0,1754048095.55918,map,base_link,0.052120208740234375,30.41383457183838
1754048095.6203525,1.5691016542315215,-1.4434677943744882,0.0,-0.0,0.0,0.2812459243247797,-0.9596357277898214,0.24612937672052956,0.0,0.0,0.0,0.0,-0.912818429798893,213.21,-32.66915887850398,1754048095.5965583,1.8902637337282346,-0.9026160802868856,0.0,1754048095.5965583,map,base_link,0.049098968505859375,30.46293354034424
1754048095.6690853,1.5805615446163317,-1.451307965510945,0.0,-0.0,0.0,0.31310958745165524,-0.9497170032414152,0.22985729935565935,0.0,0.0,0.0,0.0,-0.9807779003345573,214.58,-36.49345794392437,1754048095.6589892,1.880967875958341,-0.9129303616192269,0.0,1754048095.6589892,map,base_link,0.048732757568359375,30.511666297912598
1754048095.7194276,1.5874714620028985,-1.4566260865095761,0.0,-0.0,0.0,0.3324688215106466,-0.9431142469093137,0.22661620063709703,0.0,0.0,0.0,0.0,-1.0336081150604646,215.45,-38.83738317756932,1754048095.6988134,1.8856584978321813,-0.9002520248475777,0.0,1754048095.6988134,map,base_link,0.05034232139587402,30.56200861930847
1754048095.769164,1.5984371824567696,-1.4661590284323005,0.0,-0.0,0.0,0.3677605395665071,-0.9299205264632842,0.22873509657429195,0.0,0.0,0.0,0.0,-1.1785065682906546,216.9,-43.155140186914956,1754048095.7590823,1.8502786694457658,-0.9282092109037366,0.0,1754048095.7590823,map,base_link,0.04973649978637695,30.61174511909485
1754048095.8260443,1.60373259902502,-1.4713674657524778,0.0,-0.0,0.0,0.3886881553762329,-0.9213693710289166,0.22363320988811655,0.0,0.0,0.0,0.0,-1.2128361577128486,217.64,-45.745794392522484,1754048095.7966077,1.8103988139618936,-0.9564249816266468,0.0,1754048095.7966077,map,base_link,0.05688023567199707,30.668625354766846
1754048095.8707235,1.6128324920831754,-1.4814225381690342,0.0,-0.0,0.0,0.4221451408662418,-0.9065282566158768,0.21455894959269792,0.0,0.0,0.0,0.0,-1.1894743906928311,218.99,-49.94018691588704,1754048095.8591578,1.7991724375331197,-0.9630764972983983,0.0,1754048095.8591578,map,base_link,0.04467916488647461,30.71330451965332
1754048095.9212456,1.6168819308489453,-1.4864543164838593,0.0,-0.0,0.0,0.44156439432967093,-0.8972295612942492,0.20112692585720476,0.0,0.0,0.0,0.0,-1.169207256308688,219.63,-52.40747663551318,1754048095.8969936,1.79523467557868,-0.960030079264946,0.0,1754048095.8969936,map,base_link,0.0505220890045166,30.763826608657837
1754048095.9721487,1.623123213910558,-1.4950914290504351,0.0,-0.0,0.0,0.4693563412741977,-0.883008847580645,0.17838629811132248,0.0,0.0,0.0,0.0,-1.051503125315632,220.68,-55.985046728971135,1754048095.9589663,1.7685331696169837,-0.9459181352619198,0.0,1754048095.9466178,map,base_link,0.0509030818939209,30.814729690551758
1754048096.0259347,1.626297479654037,-1.4999613792074298,0.0,-0.0,0.0,0.484495729355978,-0.8747936260832145,0.16777823112622642,0.0,0.0,0.0,0.0,-1.0223695134515591,221.24,-57.958878504672086,1754048095.9970365,1.772514502785203,-0.9610773403475616,0.0,1754048095.9970365,map,base_link,0.05378603935241699,30.868515729904175
1754048096.0767126,1.6305725555287975,-1.5071877772511515,0.0,-0.0,0.0,0.50693389664557,-0.8619849328333637,0.14965440390989762,0.0,0.0,0.0,0.0,-0.9020017840141776,222.04,-60.91962616822337,1754048096.0590472,1.7663295821539227,-0.9667557080008604,0.0,1754048096.0590472,map,base_link,0.05077791213989258,30.919293642044067
1754048096.1190107,1.6328761889871246,-1.5114493879438038,0.0,-0.0,0.0,0.5171058599260737,-0.8559214506192234,0.13523262806873154,0.0,0.0,0.0,0.0,-0.8007871853795644,222.5,-62.276635514017755,1754048096.0971634,1.7562369097693942,-0.973228668442598,0.0,1754048096.0971634,map,base_link,0.042298078536987305,30.961591720581055
1754048096.171091,1.6357570766955145,-1.5172301520229645,0.0,-0.0,0.0,0.5354135634881567,-0.8445900283764387,0.11582934801720628,0.0,0.0,0.0,0.0,-0.7058456157895782,223.11,-64.74392523364396,1754048096.1589777,1.7374898039406026,-0.9840622666188594,0.0,1754048096.1589777,map,base_link,0.052080392837524414,31.01367211341858
1754048096.2224698,1.6373651989511513,-1.5207562628022553,0.0,-0.0,0.0,0.5462795864433541,-0.837602897222352,0.10584760590255811,0.0,0.0,0.0,0.0,-0.672967626986452,223.47,-66.22429906541976,1754048096.196555,1.732946121155722,-0.975124729463624,0.0,1754048096.196555,map,base_link,0.051378726959228516,31.065050840377808
1754048096.2721407,1.6393666463510264,-1.5255201280342234,0.0,-0.0,0.0,0.5606254875921619,-0.8280694793687609,0.09438868967413015,0.0,0.0,0.0,0.0,-0.6292579311608675,223.94,-68.19813084112049,1754048096.2590778,1.7290901308712416,-0.9785644304053946,0.0,1754048096.2590778,map,base_link,0.04967093467712402,31.11472177505493
1754048096.3199832,1.640419976470158,-1.5282292197911476,0.0,-0.0,0.0,0.5686222324130171,-0.822598782399802,0.0903717128194593,0.0,0.0,0.0,0.0,-0.6024780854630618,224.2,-69.30841121495222,1754048096.296741,1.6808799107395114,-1.015283219801191,0.0,1754048096.296741,map,base_link,0.04784250259399414,31.162564277648926
1754048096.3748891,1.6414206152030952,-1.5309582131244939,0.0,-0.0,0.0,0.5765655969955645,-0.8170508627748632,0.06976360973930186,0.0,0.0,0.0,0.0,-0.46509073159534553,224.46,-70.41869158878394,1754048096.346554,1.679676623720962,-1.0163601482191125,0.0,1754048096.3215644,map,base_link,0.05490589141845703,31.217470169067383
1754048096.420889,1.6423681868129967,-1.5337060833054545,0.0,-0.0,0.0,0.584454835644912,-0.8114262413129606,0.061783612272710085,0.0,0.0,0.0,0.0,-0.41189074848473384,224.71,-71.52897196261569,1754048096.397588,1.6962814430856092,-0.9888894120706953,0.0,1754048096.397588,map,base_link,0.045999765396118164,31.2634699344635
1754048096.4821296,1.64316563441948,-1.536163647825284,0.0,-0.0,0.0,0.5914214543297236,-0.8063626128228631,0.04911264646405848,0.0,0.0,0.0,0.0,-0.32741764309372307,224.94,-72.51588785046627,1754048096.4590397,1.6943028594303162,-0.9905509633859486,0.0,1754048096.4590397,map,base_link,0.06124067306518555,31.324710607528687
1754048096.5192273,1.6436458207848752,-1.5377054373255834,0.0,-0.0,0.0,0.594022654227982,-0.8044483117416205,0.04436523205056519,0.0,0.0,0.0,0.0,-0.2613676918727138,225.08,-72.88598130841014,1754048096.4965737,1.694983393385288,-0.989423967279569,0.0,1754048096.4965737,map,base_link,0.03709769248962402,31.36180830001831
1754048096.5694933,1.6437405293984906,-1.5380142062104825,0.0,-0.0,0.0,0.5948883452820259,-0.8038083457190608,0.03659639292184924,0.0,0.0,0.0,0.0,-0.20957543101460746,225.11,-73.00934579439158,1754048096.5625408,1.694983393385288,-0.989423967279569,0.0,1754048096.4965737,map,base_link,0.05026602745056152,31.412074327468872
1754048096.6196318,1.6436458207848752,-1.5377054373255834,0.0,-0.0,0.0,0.594022654227982,-0.8044483117416205,0.005128284516035518,0.0,0.0,0.0,0.0,0.00021195835748406556,225.08,-72.88598130841014,1754048096.5965927,1.7013611528102732,-0.9798082233151268,0.0,1754048096.5965927,map,base_link,0.05013847351074219,31.462212800979614
1754048096.6690772,1.6436458207848752,-1.5377054373255834,0.0,-0.0,0.0,0.594022654227982,-0.8044483117416205,-0.0077883271853765685,0.0,0.0,0.0,0.0,0.05192218123584389,225.08,-72.88598130841014,1754048096.6589592,1.7013611528102732,-0.9798082233151268,0.0,1754048096.6589592,map,base_link,0.049445390701293945,31.511658191680908
1754048096.724233,1.6436458207848752,-1.5377054373255834,0.0,-0.0,0.0,0.594022654227982,-0.8044483117416205,-2.067790383364354e-16,0.0,0.0,0.0,0.0,1.4654943925052066e-15,225.08,-72.88598130841014,1754048096.6965287,1.7013611528102732,-0.9798082233151268,0.0,1754048096.6965287,map,base_link,0.05515575408935547,31.566813945770264
1754048096.7692804,1.6436458207848752,-1.5377054373255834,0.0,-0.0,0.0,0.594022654227982,-0.8044483117416205,-2.067790383364354e-16,0.0,0.0,0.0,0.0,1.4654943925052066e-15,225.08,-72.88598130841014,1754048096.7589645,1.7013611528102732,-0.9798082233151268,0.0,1754048096.7589645,map,base_link,0.04504752159118652,31.61186146736145
1754048096.8243883,1.6436458207848752,-1.5377054373255834,0.0,-0.0,0.0,0.594022654227982,-0.8044483117416205,-2.067790383364354e-16,0.0,0.0,0.0,0.0,1.4654943925052066e-15,225.08,-72.88598130841014,1754048096.796471,1.7013611528102732,-0.9798082233151268,0.0,1754048096.796471,map,base_link,0.055107831954956055,31.666969299316406
1754048096.8694086,1.6436458207848752,-1.5377054373255834,0.0,-0.0,0.0,0.594022654227982,-0.8044483117416205,-2.067790383364354e-16,0.0,0.0,0.0,0.0,1.4654943925052066e-15,225.08,-72.88598130841014,1754048096.8589869,1.7013611528102732,-0.9798082233151268,0.0,1754048096.8589869,map,base_link,0.045020341873168945,31.711989641189575
1754048096.919245,1.6435504475759353,-1.5373968730749146,0.0,-0.0,0.0,0.5931562747150428,-0.8050873454266765,-0.002583877746440495,0.0,0.0,0.0,0.0,0.01722585164293672,225.05,-72.76261682242901,1754048096.8964612,1.7015957360298553,-0.979586235345036,0.0,1754048096.8964612,map,base_link,0.04983639717102051,31.761826038360596
1754048096.9690673,1.6435504475759353,-1.5373968730749146,0.0,-0.0,0.0,0.5931562747150428,-0.8050873454266765,-0.002583877746440495,0.0,0.0,0.0,0.0,0.01722585164293672,225.05,-72.76261682242901,1754048096.9591722,1.7015957360298553,-0.979586235345036,0.0,1754048096.9591722,map,base_link,0.049822330474853516,31.81164836883545
1754048097.019396,1.6435504475759353,-1.5373968730749146,0.0,-0.0,0.0,0.5931562747150428,-0.8050873454266765,-0.002583877746440495,0.0,0.0,0.0,0.0,0.01722585164293672,225.05,-72.76261682242901,1754048096.9966493,1.7015957360298553,-0.979586235345036,0.0,1754048096.9966493,map,base_link,0.050328731536865234,31.861977100372314
1754048097.0743632,1.6435504475759353,-1.5373968730749146,0.0,-0.0,0.0,0.5931562747150428,-0.8050873454266765,-2.067790383364354e-16,0.0,0.0,0.0,0.0,1.4654943925052066e-15,225.05,-72.76261682242901,1754048097.059022,1.7015957360298553,-0.979586235345036,0.0,1754048097.059022,map,base_link,0.05496716499328613,31.9169442653656
1754048097.1195524,1.6435504475759353,-1.5373968730749146,0.0,-0.0,0.0,0.5931562747150428,-0.8050873454266765,-2.067790383364354e-16,0.0,0.0,0.0,0.0,1.4654943925052066e-15,225.05,-72.76261682242901,1754048097.0966868,1.7015957360298553,-0.979586235345036,0.0,1754048097.0966868,map,base_link,0.04518914222717285,31.962133407592773
1754048097.1696255,1.6435504475759353,-1.5373968730749146,0.0,-0.0,0.0,0.5931562747150428,-0.8050873454266765,-2.067790383364354e-16,0.0,0.0,0.0,0.0,1.4654943925052066e-15,225.05,-72.76261682242901,1754048097.159027,1.7015957360298553,-0.979586235345036,0.0,1754048097.159027,map,base_link,0.05007314682006836,32.01220655441284
1754048097.2195852,1.6435504475759353,-1.5373968730749146,0.0,-0.0,0.0,0.5931562747150428,-0.8050873454266765,-2.067790383364354e-16,0.0,0.0,0.0,0.0,1.4654943925052066e-15,225.05,-72.76261682242901,1754048097.196606,1.7015957360298553,-0.979586235345036,0.0,1754048097.196606,map,base_link,0.049959659576416016,32.06216621398926
1754048097.2689757,1.6435504475759353,-1.5373968730749146,0.0,-0.0,0.0,0.5931562747150428,-0.8050873454266765,-2.067790383364354e-16,0.0,0.0,0.0,0.0,1.4654943925052066e-15,225.05,-72.76261682242901,1754048097.258993,1.7015957360298553,-0.979586235345036,0.0,1754048097.258993,map,base_link,0.049390554428100586,32.11155676841736
1754048097.3347723,1.6435504475759353,-1.5373968730749146,0.0,-0.0,0.0,0.5931562747150428,-0.8050873454266765,-2.067790383364354e-16,0.0,0.0,0.0,0.0,1.4654943925052066e-15,225.05,-72.76261682242901,1754048097.3014529,1.7015957360298553,-0.979586235345036,0.0,1754048097.3014529,map,base_link,0.0657966136932373,32.177353382110596
1754048097.369029,1.6435504475759353,-1.5373968730749146,0.0,-0.0,0.0,0.5931562747150428,-0.8050873454266765,-2.067790383364354e-16,0.0,0.0,0.0,0.0,1.4654943925052066e-15,225.05,-72.76261682242901,1754048097.3589585,1.7015957360298553,-0.979586235345036,0.0,1754048097.3589585,map,base_link,0.034256696701049805,32.211610078811646
1754048097.4195063,1.6435504475759353,-1.5373968730749146,0.0,-0.0,0.0,0.5931562747150428,-0.8050873454266765,-2.067790383364354e-16,0.0,0.0,0.0,0.0,1.4654943925052066e-15,225.05,-72.76261682242901,1754048097.3965695,1.7015957360298553,-0.979586235345036,0.0,1754048097.3965695,map,base_link,0.05047726631164551,32.26208734512329
1754048097.4690366,1.6435504475759353,-1.5373968730749146,0.0,-0.0,0.0,0.5931562747150428,-0.8050873454266765,-2.067790383364354e-16,0.0,0.0,0.0,0.0,1.4654943925052066e-15,225.05,-72.76261682242901,1754048097.4590628,1.7015957360298553,-0.979586235345036,0.0,1754048097.4590628,map,base_link,0.0495302677154541,32.311617612838745
1754048097.5189044,1.6435504475759353,-1.5373968730749146,0.0,-0.0,0.0,0.5931562747150428,-0.8050873454266765,-2.067790383364354e-16,0.0,0.0,0.0,0.0,1.4654943925052066e-15,225.05,-72.76261682242901,1754048097.4966671,1.7015957360298553,-0.979586235345036,0.0,1754048097.4966671,map,base_link,0.049867868423461914,32.36148548126221
1754048097.580325,1.6435504475759353,-1.5373968730749146,0.0,-0.0,0.0,0.5931562747150428,-0.8050873454266765,-2.067790383364354e-16,0.0,0.0,0.0,0.0,1.4654943925052066e-15,225.05,-72.76261682242901,1754048097.5590465,1.7015957360298553,-0.979586235345036,0.0,1754048097.5590465,map,base_link,0.061420440673828125,32.422905921936035
1754048097.6194634,1.6435504475759353,-1.5373968730749146,0.0,-0.0,0.0,0.5931562747150428,-0.8050873454266765,-2.067790383364354e-16,0.0,0.0,0.0,0.0,1.4654943925052066e-15,225.05,-72.76261682242901,1754048097.5966053,1.7015957360298553,-0.979586235345036,0.0,1754048097.5966053,map,base_link,0.0391385555267334,32.46204447746277
1754048097.6693769,1.6435504475759353,-1.5373968730749146,0.0,-0.0,0.0,0.5931562747150428,-0.8050873454266765,-2.067790383364354e-16,0.0,0.0,0.0,0.0,1.4654943925052066e-15,225.05,-72.76261682242901,1754048097.6589353,1.7015957360298553,-0.979586235345036,0.0,1754048097.6589353,map,base_link,0.04991340637207031,32.51195788383484
1754048097.718911,1.6435504475759353,-1.5373968730749146,0.0,-0.0,0.0,0.5931562747150428,-0.8050873454266765,-2.067790383364354e-16,0.0,0.0,0.0,0.0,1.4654943925052066e-15,225.05,-72.76261682242901,1754048097.6965802,1.7015957360298553,-0.979586235345036,0.0,1754048097.6965802,map,base_link,0.04953408241271973,32.56149196624756
1754048097.7693276,1.6435504475759353,-1.5373968730749146,0.0,-0.0,0.0,0.5931562747150428,-0.8050873454266765,-2.067790383364354e-16,0.0,0.0,0.0,0.0,1.4654943925052066e-15,225.05,-72.76261682242901,1754048097.7591105,1.7015957360298553,-0.979586235345036,0.0,1754048097.7591105,map,base_link,0.05041670799255371,32.61190867424011
1754048097.8308828,1.6435504475759353,-1.5373968730749146,0.0,-0.0,0.0,0.5931562747150428,-0.8050873454266765,-2.067790383364354e-16,0.0,0.0,0.0,0.0,1.4654943925052066e-15,225.05,-72.76261682242901,1754048097.7964914,1.7015957360298553,-0.979586235345036,0.0,1754048097.7964914,map,base_link,0.06155514717102051,32.67346382141113
1754048097.8691509,1.6435504475759353,-1.5373968730749146,0.0,-0.0,0.0,0.5931562747150428,-0.8050873454266765,-2.067790383364354e-16,0.0,0.0,0.0,0.0,1.4654943925052066e-15,225.05,-72.76261682242901,1754048097.8590405,1.7015957360298553,-0.979586235345036,0.0,1754048097.8590405,map,base_link,0.038268089294433594,32.711731910705566
1754048097.9196148,1.6435504475759353,-1.5373968730749146,0.0,-0.0,0.0,0.5931562747150428,-0.8050873454266765,-2.067790383364354e-16,0.0,0.0,0.0,0.0,1.4654943925052066e-15,225.05,-72.76261682242901,1754048097.8971562,1.7015957360298553,-0.979586235345036,0.0,1754048097.8971562,map,base_link,0.05046391487121582,32.76219582557678
1754048097.9688725,1.6435504475759353,-1.5373968730749146,0.0,-0.0,0.0,0.5931562747150428,-0.8050873454266765,-2.067790383364354e-16,0.0,0.0,0.0,0.0,1.4654943925052066e-15,225.05,-72.76261682242901,1754048097.9590058,1.7015957360298553,-0.979586235345036,0.0,1754048097.9590058,map,base_link,0.049257755279541016,32.81145358085632
1754048098.0195737,1.6435504475759353,-1.5373968730749146,0.0,-0.0,0.0,0.5931562747150428,-0.8050873454266765,-2.067790383364354e-16,0.0,0.0,0.0,0.0,1.4654943925052066e-15,225.05,-72.76261682242901,1754048097.9968507,1.7015957360298553,-0.979586235345036,0.0,1754048097.9968507,map,base_link,0.050701141357421875,32.862154722213745
1754048098.0744686,1.6435504475759353,-1.5373968730749146,0.0,-0.0,0.0,0.5931562747150428,-0.8050873454266765,-2.067790383364354e-16,0.0,0.0,0.0,0.0,1.4654943925052066e-15,225.05,-72.76261682242901,1754048098.0589874,1.7015957360298553,-0.979586235345036,0.0,1754048098.0589874,map,base_link,0.05489492416381836,32.91704964637756
1754048098.119021,1.6435504475759353,-1.5373968730749146,0.0,-0.0,0.0,0.5931562747150428,-0.8050873454266765,-2.067790383364354e-16,0.0,0.0,0.0,0.0,1.4654943925052066e-15,225.05,-72.76261682242901,1754048098.0964918,1.7015957360298553,-0.979586235345036,0.0,1754048098.0964918,map,base_link,0.04455232620239258,32.961601972579956
1754048098.1692944,1.6435504475759353,-1.5373968730749146,0.0,-0.0,0.0,0.5931562747150428,-0.8050873454266765,-2.067790383364354e-16,0.0,0.0,0.0,0.0,1.4654943925052066e-15,225.05,-72.76261682242901,1754048098.158989,1.7015957360298553,-0.979586235345036,0.0,1754048098.158989,map,base_link,0.05027341842651367,33.01187539100647
1754048098.2195547,1.6435504475759353,-1.5373968730749146,0.0,-0.0,0.0,0.5931562747150428,-0.8050873454266765,-2.067790383364354e-16,0.0,0.0,0.0,0.0,1.4654943925052066e-15,225.05,-72.76261682242901,1754048098.1966383,1.7015957360298553,-0.979586235345036,0.0,1754048098.1966383,map,base_link,0.050260305404663086,33.06213569641113
1754048098.2690766,1.6435504475759353,-1.5373968730749146,0.0,-0.0,0.0,0.5931562747150428,-0.8050873454266765,-2.067790383364354e-16,0.0,0.0,0.0,0.0,1.4654943925052066e-15,225.05,-72.76261682242901,1754048098.2589579,1.7015957360298553,-0.979586235345036,0.0,1754048098.2589579,map,base_link,0.04952192306518555,33.11165761947632
1754048098.3289926,1.6435504475759353,-1.5373968730749146,0.0,-0.0,0.0,0.5931562747150428,-0.8050873454266765,-2.067790383364354e-16,0.0,0.0,0.0,0.0,1.4654943925052066e-15,225.05,-72.76261682242901,1754048098.2965975,1.7015957360298553,-0.979586235345036,0.0,1754048098.2965975,map,base_link,0.059916019439697266,33.171573638916016
1754048098.3694432,1.6435504475759353,-1.5373968730749146,0.0,-0.0,0.0,0.5931562747150428,-0.8050873454266765,-2.067790383364354e-16,0.0,0.0,0.0,0.0,1.4654943925052066e-15,225.05,-72.76261682242901,1754048098.35894,1.7015957360298553,-0.979586235345036,0.0,1754048098.35894,map,base_link,0.0404505729675293,33.212024211883545
1754048098.4195201,1.6435504475759353,-1.5373968730749146,0.0,-0.0,0.0,0.5931562747150428,-0.8050873454266765,-2.067790383364354e-16,0.0,0.0,0.0,0.0,1.4654943925052066e-15,225.05,-72.76261682242901,1754048098.3966155,1.7015957360298553,-0.979586235345036,0.0,1754048098.3966155,map,base_link,0.050076961517333984,33.26210117340088
1754048098.4691138,1.6435504475759353,-1.5373968730749146,0.0,-0.0,0.0,0.5931562747150428,-0.8050873454266765,-2.067790383364354e-16,0.0,0.0,0.0,0.0,1.4654943925052066e-15,225.05,-72.76261682242901,1754048098.4589665,1.7015957360298553,-0.979586235345036,0.0,1754048098.4589665,map,base_link,0.04959368705749512,33.311694860458374
1754048098.519447,1.6435504475759353,-1.5373968730749146,0.0,-0.0,0.0,0.5931562747150428,-0.8050873454266765,-2.067790383364354e-16,0.0,0.0,0.0,0.0,1.4654943925052066e-15,225.05,-72.76261682242901,1754048098.4967453,1.7015957360298553,-0.979586235345036,0.0,1754048098.4967453,map,base_link,0.050333261489868164,33.36202812194824
1754048098.5771,1.6435504475759353,-1.5373968730749146,0.0,-0.0,0.0,0.5931562747150428,-0.8050873454266765,-2.067790383364354e-16,0.0,0.0,0.0,0.0,1.4654943925052066e-15,225.05,-72.76261682242901,1754048098.5590956,1.7015957360298553,-0.979586235345036,0.0,1754048098.5590956,map,base_link,0.057652950286865234,33.41968107223511
1754048098.6207716,1.6435504475759353,-1.5373968730749146,0.0,-0.0,0.0,0.5931562747150428,-0.8050873454266765,-2.067790383364354e-16,0.0,0.0,0.0,0.0,1.4654943925052066e-15,225.05,-72.76261682242901,1754048098.5964904,1.7015957360298553,-0.979586235345036,0.0,1754048098.5964904,map,base_link,0.043671607971191406,33.4633526802063
1754048098.6690326,1.6435504475759353,-1.5373968730749146,0.0,-0.0,0.0,0.5931562747150428,-0.8050873454266765,-2.067790383364354e-16,0.0,0.0,0.0,0.0,1.4654943925052066e-15,225.05,-72.76261682242901,1754048098.6589837,1.7015957360298553,-0.979586235345036,0.0,1754048098.6589837,map,base_link,0.04826092720031738,33.511613607406616
1754048098.7200627,1.6435504475759353,-1.5373968730749146,0.0,-0.0,0.0,0.5931562747150428,-0.8050873454266765,-2.067790383364354e-16,0.0,0.0,0.0,0.0,1.4654943925052066e-15,225.05,-72.76261682242901,1754048098.696557,1.7015957360298553,-0.979586235345036,0.0,1754048098.683975,map,base_link,0.05103015899658203,33.5626437664032
1754048098.7690704,1.6435504475759353,-1.5373968730749146,0.0,-0.0,0.0,0.5931562747150428,-0.8050873454266765,-2.067790383364354e-16,0.0,0.0,0.0,0.0,1.4654943925052066e-15,225.05,-72.76261682242901,1754048098.7590082,1.7015957360298553,-0.979586235345036,0.0,1754048098.7590082,map,base_link,0.04900765419006348,33.61165142059326
1754048098.8198583,1.6435504475759353,-1.5373968730749146,0.0,-0.0,0.0,0.5931562747150428,-0.8050873454266765,-2.067790383364354e-16,0.0,0.0,0.0,0.0,1.4654943925052066e-15,225.05,-72.76261682242901,1754048098.7965522,1.7015957360298553,-0.979586235345036,0.0,1754048098.7965522,map,base_link,0.050787925720214844,33.66243934631348
1754048098.8690367,1.6435504475759353,-1.5373968730749146,0.0,-0.0,0.0,0.5931562747150428,-0.8050873454266765,-2.067790383364354e-16,0.0,0.0,0.0,0.0,1.4654943925052066e-15,225.05,-72.76261682242901,1754048098.858984,1.7015957360298553,-0.979586235345036,0.0,1754048098.858984,map,base_link,0.049178361892700195,33.71161770820618
1754048098.9192228,1.6435504475759353,-1.5373968730749146,0.0,-0.0,0.0,0.5931562747150428,-0.8050873454266765,-2.067790383364354e-16,0.0,0.0,0.0,0.0,1.4654943925052066e-15,225.05,-72.76261682242901,1754048098.8965642,1.7015957360298553,-0.979586235345036,0.0,1754048098.8965642,map,base_link,0.0501861572265625,33.76180386543274
1754048098.9694743,1.6435504475759353,-1.5373968730749146,0.0,-0.0,0.0,0.5931562747150428,-0.8050873454266765,-2.067790383364354e-16,0.0,0.0,0.0,0.0,1.4654943925052066e-15,225.05,-72.76261682242901,1754048098.9591274,1.7015957360298553,-0.979586235345036,0.0,1754048098.9591274,map,base_link,0.05025148391723633,33.812055349349976
1754048099.0194244,1.6435504475759353,-1.5373968730749146,0.0,-0.0,0.0,0.5931562747150428,-0.8050873454266765,-2.067790383364354e-16,0.0,0.0,0.0,0.0,1.4654943925052066e-15,225.05,-72.76261682242901,1754048098.9973278,1.7015957360298553,-0.979586235345036,0.0,1754048098.9973278,map,base_link,0.04995012283325195,33.86200547218323
1754048099.081259,1.6435504475759353,-1.5373968730749146,0.0,-0.0,0.0,0.5931562747150428,-0.8050873454266765,-2.067790383364354e-16,0.0,0.0,0.0,0.0,1.4654943925052066e-15,225.05,-72.76261682242901,1754048099.059058,1.7015957360298553,-0.979586235345036,0.0,1754048099.059058,map,base_link,0.06183457374572754,33.923840045928955
1754048099.1192722,1.6435504475759353,-1.5373968730749146,0.0,-0.0,0.0,0.5931562747150428,-0.8050873454266765,-2.067790383364354e-16,0.0,0.0,0.0,0.0,1.4654943925052066e-15,225.05,-72.76261682242901,1754048099.096537,1.7015957360298553,-0.979586235345036,0.0,1754048099.096537,map,base_link,0.03801321983337402,33.96185326576233
1754048099.1693494,1.6435504475759353,-1.5373968730749146,0.0,-0.0,0.0,0.5931562747150428,-0.8050873454266765,-2.067790383364354e-16,0.0,0.0,0.0,0.0,1.4654943925052066e-15,225.05,-72.76261682242901,1754048099.1590583,1.7015957360298553,-0.979586235345036,0.0,1754048099.1590583,map,base_link,0.050077199935913086,34.01193046569824
1754048099.2327855,1.6435504475759353,-1.5373968730749146,0.0,-0.0,0.0,0.5931562747150428,-0.8050873454266765,-2.067790383364354e-16,0.0,0.0,0.0,0.0,1.4654943925052066e-15,225.05,-72.76261682242901,1754048099.196678,1.7015957360298553,-0.979586235345036,0.0,1754048099.196678,map,base_link,0.06343603134155273,34.075366497039795
1754048099.2691212,1.6435504475759353,-1.5373968730749146,0.0,-0.0,0.0,0.5931562747150428,-0.8050873454266765,-2.067790383364354e-16,0.0,0.0,0.0,0.0,1.4654943925052066e-15,225.05,-72.76261682242901,1754048099.259038,1.7015957360298553,-0.979586235345036,0.0,1754048099.259038,map,base_link,0.03633570671081543,34.11170220375061
1754048099.3193457,1.6435504475759353,-1.5373968730749146,0.0,-0.0,0.0,0.5931562747150428,-0.8050873454266765,-2.067790383364354e-16,0.0,0.0,0.0,0.0,1.4654943925052066e-15,225.05,-72.76261682242901,1754048099.296609,1.7015957360298553,-0.979586235345036,0.0,1754048099.296609,map,base_link,0.05022454261779785,34.16192674636841
1754048099.368957,1.6435504475759353,-1.5373968730749146,0.0,-0.0,0.0,0.5931562747150428,-0.8050873454266765,-2.067790383364354e-16,0.0,0.0,0.0,0.0,1.4654943925052066e-15,225.05,-72.76261682242901,1754048099.3591483,1.7015957360298553,-0.979586235345036,0.0,1754048099.3591483,map,base_link,0.04961133003234863,34.21153807640076
1754048099.4197838,1.6435504475759353,-1.5373968730749146,0.0,-0.0,0.0,0.5931562747150428,-0.8050873454266765,-2.067790383364354e-16,0.0,0.0,0.0,0.0,1.4654943925052066e-15,225.05,-72.76261682242901,1754048099.3967366,1.7015957360298553,-0.979586235345036,0.0,1754048099.3967366,map,base_link,0.0508267879486084,34.262364864349365
1754048099.4762986,1.6435504475759353,-1.5373968730749146,0.0,-0.0,0.0,0.5931562747150428,-0.8050873454266765,-2.067790383364354e-16,0.0,0.0,0.0,0.0,1.4654943925052066e-15,225.05,-72.76261682242901,1754048099.4594023,1.7015957360298553,-0.979586235345036,0.0,1754048099.4594023,map,base_link,0.056514739990234375,34.3188796043396
1754048099.519215,1.6435504475759353,-1.5373968730749146,0.0,-0.0,0.0,0.5931562747150428,-0.8050873454266765,-2.067790383364354e-16,0.0,0.0,0.0,0.0,1.4654943925052066e-15,225.05,-72.76261682242901,1754048099.4965835,1.7015957360298553,-0.979586235345036,0.0,1754048099.4965835,map,base_link,0.04291653633117676,34.361796140670776
1754048099.5690577,1.6435504475759353,-1.5373968730749146,0.0,-0.0,0.0,0.5931562747150428,-0.8050873454266765,-2.067790383364354e-16,0.0,0.0,0.0,0.0,1.4654943925052066e-15,225.05,-72.76261682242901,1754048099.5589955,1.7015957360298553,-0.979586235345036,0.0,1754048099.5589955,map,base_link,0.04984259605407715,34.41163873672485
1754048099.6207607,1.6435504475759353,-1.5373968730749146,0.0,-0.0,0.0,0.5931562747150428,-0.8050873454266765,-2.067790383364354e-16,0.0,0.0,0.0,0.0,1.4654943925052066e-15,225.05,-72.76261682242901,1754048099.5974448,1.7015957360298553,-0.979586235345036,0.0,1754048099.5974448,map,base_link,0.05170297622680664,34.46334171295166
1754048099.6691234,1.6435504475759353,-1.5373968730749146,0.0,-0.0,0.0,0.5931562747150428,-0.8050873454266765,-2.067790383364354e-16,0.0,0.0,0.0,0.0,1.4654943925052066e-15,225.05,-72.76261682242901,1754048099.6591024,1.7015957360298553,-0.979586235345036,0.0,1754048099.6591024,map,base_link,0.04836273193359375,34.511704444885254
1754048099.7255707,1.6435504475759353,-1.5373968730749146,0.0,-0.0,0.0,0.5931562747150428,-0.8050873454266765,-2.067790383364354e-16,0.0,0.0,0.0,0.0,1.4654943925052066e-15,225.05,-72.76261682242901,1754048099.6978006,1.7015957360298553,-0.979586235345036,0.0,1754048099.6978006,map,base_link,0.05644726753234863,34.5681517124176
1754048099.7692544,1.6435504475759353,-1.5373968730749146,0.0,-0.0,0.0,0.5931562747150428,-0.8050873454266765,-2.067790383364354e-16,0.0,0.0,0.0,0.0,1.4654943925052066e-15,225.05,-72.76261682242901,1754048099.758956,1.7015957360298553,-0.979586235345036,0.0,1754048099.758956,map,base_link,0.043683767318725586,34.61183547973633
1754048099.8197026,1.6435504475759353,-1.5373968730749146,0.0,-0.0,0.0,0.5931562747150428,-0.8050873454266765,-2.067790383364354e-16,0.0,0.0,0.0,0.0,1.4654943925052066e-15,225.05,-72.76261682242901,1754048099.796515,1.7015957360298553,-0.979586235345036,0.0,1754048099.796515,map,base_link,0.05044817924499512,34.66228365898132
1754048099.8690906,1.6435504475759353,-1.5373968730749146,0.0,-0.0,0.0,0.5931562747150428,-0.8050873454266765,-2.067790383364354e-16,0.0,0.0,0.0,0.0,1.4654943925052066e-15,225.05,-72.76261682242901,1754048099.8590195,1.7015957360298553,-0.979586235345036,0.0,1754048099.8590195,map,base_link,0.04938793182373047,34.711671590805054
1754048099.9196782,1.6435504475759353,-1.5373968730749146,0.0,-0.0,0.0,0.5931562747150428,-0.8050873454266765,-2.067790383364354e-16,0.0,0.0,0.0,0.0,1.4654943925052066e-15,225.05,-72.76261682242901,1754048099.8966084,1.7015957360298553,-0.979586235345036,0.0,1754048099.8966084,map,base_link,0.05058765411376953,34.76225924491882
1754048099.9770806,1.6435504475759353,-1.5373968730749146,0.0,-0.0,0.0,0.5931562747150428,-0.8050873454266765,-2.067790383364354e-16,0.0,0.0,0.0,0.0,1.4654943925052066e-15,225.05,-72.76261682242901,1754048099.9589884,1.7015957360298553,-0.979586235345036,0.0,1754048099.9589884,map,base_link,0.05740237236022949,34.81966161727905
1754048100.0194647,1.6435504475759353,-1.5373968730749146,0.0,-0.0,0.0,0.5931562747150428,-0.8050873454266765,-2.067790383364354e-16,0.0,0.0,0.0,0.0,1.4654943925052066e-15,225.05,-72.76261682242901,1754048099.9976535,1.7015957360298553,-0.979586235345036,0.0,1754048099.9976535,map,base_link,0.04238414764404297,34.862045764923096
1754048100.0689378,1.6435504475759353,-1.5373968730749146,0.0,-0.0,0.0,0.5931562747150428,-0.8050873454266765,-2.067790383364354e-16,0.0,0.0,0.0,0.0,1.4654943925052066e-15,225.05,-72.76261682242901,1754048100.0590622,1.7015957360298553,-0.979586235345036,0.0,1754048100.0590622,map,base_link,0.04947304725646973,34.911518812179565
1754048100.1191087,1.6435504475759353,-1.5373968730749146,0.0,-0.0,0.0,0.5931562747150428,-0.8050873454266765,-2.067790383364354e-16,0.0,0.0,0.0,0.0,1.4654943925052066e-15,225.05,-72.76261682242901,1754048100.0965834,1.7015957360298553,-0.979586235345036,0.0,1754048100.0965834,map,base_link,0.0501708984375,34.961689710617065
1754048100.1688983,1.6435504475759353,-1.5373968730749146,0.0,-0.0,0.0,0.5931562747150428,-0.8050873454266765,-2.067790383364354e-16,0.0,0.0,0.0,0.0,1.4654943925052066e-15,225.05,-72.76261682242901,1754048100.1590765,1.7015957360298553,-0.979586235345036,0.0,1754048100.1590765,map,base_link,0.0497896671295166,35.01147937774658
1754048100.2202191,1.6435504475759353,-1.5373968730749146,0.0,-0.0,0.0,0.5931562747150428,-0.8050873454266765,-2.067790383364354e-16,0.0,0.0,0.0,0.0,1.4654943925052066e-15,225.05,-72.76261682242901,1754048100.196674,1.7015957360298553,-0.979586235345036,0.0,1754048100.1838894,map,base_link,0.051320791244506836,35.06280016899109
1754048100.269135,1.6435504475759353,-1.5373968730749146,0.0,-0.0,0.0,0.5931562747150428,-0.8050873454266765,-2.067790383364354e-16,0.0,0.0,0.0,0.0,1.4654943925052066e-15,225.05,-72.76261682242901,1754048100.2590768,1.7015957360298553,-0.979586235345036,0.0,1754048100.2590768,map,base_link,0.048915863037109375,35.1117160320282
1754048100.3326104,1.6435504475759353,-1.5373968730749146,0.0,-0.0,0.0,0.5931562747150428,-0.8050873454266765,-2.067790383364354e-16,0.0,0.0,0.0,0.0,1.4654943925052066e-15,225.05,-72.76261682242901,1754048100.2964416,1.7015957360298553,-0.979586235345036,0.0,1754048100.2964416,map,base_link,0.06347537040710449,35.1751914024353
1754048100.3691378,1.6435504475759353,-1.5373968730749146,0.0,-0.0,0.0,0.5931562747150428,-0.8050873454266765,-2.067790383364354e-16,0.0,0.0,0.0,0.0,1.4654943925052066e-15,225.05,-72.76261682242901,1754048100.3589692,1.7015957360298553,-0.979586235345036,0.0,1754048100.3589692,map,base_link,0.036527395248413086,35.211718797683716
1754048100.4192822,1.6435504475759353,-1.5373968730749146,0.0,-0.0,0.0,0.5931562747150428,-0.8050873454266765,-2.067790383364354e-16,0.0,0.0,0.0,0.0,1.4654943925052066e-15,225.05,-72.76261682242901,1754048100.3966281,1.7015957360298553,-0.979586235345036,0.0,1754048100.3966281,map,base_link,0.05014443397521973,35.261863231658936
1754048100.4693077,1.6435504475759353,-1.5373968730749146,0.0,-0.0,0.0,0.5931562747150428,-0.8050873454266765,-2.067790383364354e-16,0.0,0.0,0.0,0.0,1.4654943925052066e-15,225.05,-72.76261682242901,1754048100.4591174,1.7015957360298553,-0.979586235345036,0.0,1754048100.4591174,map,base_link,0.05002546310424805,35.311888694763184
1754048100.519434,1.6435504475759353,-1.5373968730749146,0.0,-0.0,0.0,0.5931562747150428,-0.8050873454266765,-2.067790383364354e-16,0.0,0.0,0.0,0.0,1.4654943925052066e-15,225.05,-72.76261682242901,1754048100.4969022,1.7015957360298553,-0.979586235345036,0.0,1754048100.4969022,map,base_link,0.05012631416320801,35.36201500892639
1754048100.5778754,1.6435504475759353,-1.5373968730749146,0.0,-0.0,0.0,0.5931562747150428,-0.8050873454266765,-2.067790383364354e-16,0.0,0.0,0.0,0.0,1.4654943925052066e-15,225.05,-72.76261682242901,1754048100.5589824,1.7015957360298553,-0.979586235345036,0.0,1754048100.5589824,map,base_link,0.0584414005279541,35.420456409454346
1754048100.619345,1.6435504475759353,-1.5373968730749146,0.0,-0.0,0.0,0.5931562747150428,-0.8050873454266765,-2.067790383364354e-16,0.0,0.0,0.0,0.0,1.4654943925052066e-15,225.05,-72.76261682242901,1754048100.5965822,1.7015957360298553,-0.979586235345036,0.0,1754048100.5965822,map,base_link,0.041469573974609375,35.461925983428955
1754048100.669181,1.6435504475759353,-1.5373968730749146,0.0,-0.0,0.0,0.5931562747150428,-0.8050873454266765,-2.067790383364354e-16,0.0,0.0,0.0,0.0,1.4654943925052066e-15,225.05,-72.76261682242901,1754048100.6589496,1.7015957360298553,-0.979586235345036,0.0,1754048100.6589496,map,base_link,0.049836158752441406,35.5117621421814
1754048100.7190955,1.6435504475759353,-1.5373968730749146,0.0,-0.0,0.0,0.5931562747150428,-0.8050873454266765,-2.067790383364354e-16,0.0,0.0,0.0,0.0,1.4654943925052066e-15,225.05,-72.76261682242901,1754048100.6965497,1.7015957360298553,-0.979586235345036,0.0,1754048100.6965497,map,base_link,0.04991436004638672,35.56167650222778
1754048100.769254,1.6435504475759353,-1.5373968730749146,0.0,-0.0,0.0,0.5931562747150428,-0.8050873454266765,-2.067790383364354e-16,0.0,0.0,0.0,0.0,1.4654943925052066e-15,225.05,-72.76261682242901,1754048100.759041,1.7015957360298553,-0.979586235345036,0.0,1754048100.759041,map,base_link,0.05015850067138672,35.61183500289917
1754048100.8280976,1.6435504475759353,-1.5373968730749146,0.0,-0.0,0.0,0.5931562747150428,-0.8050873454266765,-2.067790383364354e-16,0.0,0.0,0.0,0.0,1.4654943925052066e-15,225.05,-72.76261682242901,1754048100.79653,1.7015957360298553,-0.979586235345036,0.0,1754048100.79653,map,base_link,0.05884361267089844,35.67067861557007
1754048100.8690836,1.6435504475759353,-1.5373968730749146,0.0,-0.0,0.0,0.5931562747150428,-0.8050873454266765,-2.067790383364354e-16,0.0,0.0,0.0,0.0,1.4654943925052066e-15,225.05,-72.76261682242901,1754048100.85907,1.7015957360298553,-0.979586235345036,0.0,1754048100.85907,map,base_link,0.040986061096191406,35.71166467666626
1754048100.9192488,1.6435504475759353,-1.5373968730749146,0.0,-0.0,0.0,0.5931562747150428,-0.8050873454266765,-2.067790383364354e-16,0.0,0.0,0.0,0.0,1.4654943925052066e-15,225.05,-72.76261682242901,1754048100.8965564,1.7015957360298553,-0.979586235345036,0.0,1754048100.8965564,map,base_link,0.05016517639160156,35.76182985305786
1754048100.9693966,1.6435504475759353,-1.5373968730749146,0.0,-0.0,0.0,0.5931562747150428,-0.8050873454266765,-2.067790383364354e-16,0.0,0.0,0.0,0.0,1.4654943925052066e-15,225.05,-72.76261682242901,1754048100.9590485,1.7015957360298553,-0.979586235345036,0.0,1754048100.9590485,map,base_link,0.05014777183532715,35.81197762489319
1754048101.0194,1.6435504475759353,-1.5373968730749146,0.0,-0.0,0.0,0.5931562747150428,-0.8050873454266765,-2.067790383364354e-16,0.0,0.0,0.0,0.0,1.4654943925052066e-15,225.05,-72.76261682242901,1754048100.9965863,1.7015957360298553,-0.979586235345036,0.0,1754048100.9965863,map,base_link,0.0500032901763916,35.86198091506958
1754048101.0706098,1.6435504475759353,-1.5373968730749146,0.0,-0.0,0.0,0.5931562747150428,-0.8050873454266765,-2.067790383364354e-16,0.0,0.0,0.0,0.0,1.4654943925052066e-15,225.05,-72.76261682242901,1754048101.046547,1.7015957360298553,-0.979586235345036,0.0,1754048101.046547,map,base_link,0.05120992660522461,35.913190841674805
1754048101.11942,1.6435504475759353,-1.5373968730749146,0.0,-0.0,0.0,0.5931562747150428,-0.8050873454266765,-2.067790383364354e-16,0.0,0.0,0.0,0.0,1.4654943925052066e-15,225.05,-72.76261682242901,1754048101.0965707,1.7015957360298553,-0.979586235345036,0.0,1754048101.0965707,map,base_link,0.04881024360656738,35.96200108528137
1754048101.169188,1.6435504475759353,-1.5373968730749146,0.0,-0.0,0.0,0.5931562747150428,-0.8050873454266765,-2.067790383364354e-16,0.0,0.0,0.0,0.0,1.4654943925052066e-15,225.05,-72.76261682242901,1754048101.1590147,1.7015957360298553,-0.979586235345036,0.0,1754048101.1590147,map,base_link,0.04976797103881836,36.01176905632019
1754048101.2192693,1.6435504475759353,-1.5373968730749146,0.0,-0.0,0.0,0.5931562747150428,-0.8050873454266765,-2.067790383364354e-16,0.0,0.0,0.0,0.0,1.4654943925052066e-15,225.05,-72.76261682242901,1754048101.1966069,1.7015957360298553,-0.979586235345036,0.0,1754048101.1966069,map,base_link,0.05008125305175781,36.06185030937195
1754048101.2689466,1.6435504475759353,-1.5373968730749146,0.0,-0.0,0.0,0.5931562747150428,-0.8050873454266765,-2.067790383364354e-16,0.0,0.0,0.0,0.0,1.4654943925052066e-15,225.05,-72.76261682242901,1754048101.2590594,1.7015957360298553,-0.979586235345036,0.0,1754048101.2590594,map,base_link,0.049677371978759766,36.11152768135071
1754048101.3206136,1.6435504475759353,-1.5373968730749146,0.0,-0.0,0.0,0.5931562747150428,-0.8050873454266765,-2.067790383364354e-16,0.0,0.0,0.0,0.0,1.4654943925052066e-15,225.05,-72.76261682242901,1754048101.29657,1.7015957360298553,-0.979586235345036,0.0,1754048101.29657,map,base_link,0.051666975021362305,36.16319465637207
1754048101.3692377,1.6435504475759353,-1.5373968730749146,0.0,-0.0,0.0,0.5931562747150428,-0.8050873454266765,-2.067790383364354e-16,0.0,0.0,0.0,0.0,1.4654943925052066e-15,225.05,-72.76261682242901,1754048101.3589597,1.7015957360298553,-0.979586235345036,0.0,1754048101.3589597,map,base_link,0.04862403869628906,36.21181869506836
1754048101.4311218,1.6435504475759353,-1.5373968730749146,0.0,-0.0,0.0,0.5931562747150428,-0.8050873454266765,-2.067790383364354e-16,0.0,0.0,0.0,0.0,1.4654943925052066e-15,225.05,-72.76261682242901,1754048101.3965294,1.7015957360298553,-0.979586235345036,0.0,1754048101.3965294,map,base_link,0.061884164810180664,36.27370285987854
1754048101.4692698,1.6435504475759353,-1.5373968730749146,0.0,-0.0,0.0,0.5931562747150428,-0.8050873454266765,-2.067790383364354e-16,0.0,0.0,0.0,0.0,1.4654943925052066e-15,225.05,-72.76261682242901,1754048101.4589562,1.7015957360298553,-0.979586235345036,0.0,1754048101.4589562,map,base_link,0.038147926330566406,36.311850786209106
1754048101.5192204,1.6435504475759353,-1.5373968730749146,0.0,-0.0,0.0,0.5931562747150428,-0.8050873454266765,-2.067790383364354e-16,0.0,0.0,0.0,0.0,1.4654943925052066e-15,225.05,-72.76261682242901,1754048101.496563,1.7015957360298553,-0.979586235345036,0.0,1754048101.496563,map,base_link,0.049950599670410156,36.36180138587952
1754048101.569467,1.6435504475759353,-1.5373968730749146,0.0,-0.0,0.0,0.5931562747150428,-0.8050873454266765,-2.067790383364354e-16,0.0,0.0,0.0,0.0,1.4654943925052066e-15,225.05,-72.76261682242901,1754048101.5590413,1.7015957360298553,-0.979586235345036,0.0,1754048101.5590413,map,base_link,0.0502467155456543,36.41204810142517
1754048101.6192057,1.6435504475759353,-1.5373968730749146,0.0,-0.0,0.0,0.5931562747150428,-0.8050873454266765,-2.067790383364354e-16,0.0,0.0,0.0,0.0,1.4654943925052066e-15,225.05,-72.76261682242901,1754048101.596529,1.7015957360298553,-0.979586235345036,0.0,1754048101.596529,map,base_link,0.04973864555358887,36.46178674697876
1754048101.679511,1.6435504475759353,-1.5373968730749146,0.0,-0.0,0.0,0.5931562747150428,-0.8050873454266765,-2.067790383364354e-16,0.0,0.0,0.0,0.0,1.4654943925052066e-15,225.05,-72.76261682242901,1754048101.6590657,1.7015957360298553,-0.979586235345036,0.0,1754048101.6590657,map,base_link,0.06030535697937012,36.52209210395813
1754048101.7191052,1.6435504475759353,-1.5373968730749146,0.0,-0.0,0.0,0.5931562747150428,-0.8050873454266765,-2.067790383364354e-16,0.0,0.0,0.0,0.0,1.4654943925052066e-15,225.05,-72.76261682242901,1754048101.6966915,1.7015957360298553,-0.979586235345036,0.0,1754048101.6966915,map,base_link,0.039594173431396484,36.561686277389526
1754048101.7691054,1.6435504475759353,-1.5373968730749146,0.0,-0.0,0.0,0.5931562747150428,-0.8050873454266765,-2.067790383364354e-16,0.0,0.0,0.0,0.0,1.4654943925052066e-15,225.05,-72.76261682242901,1754048101.7590318,1.7015957360298553,-0.979586235345036,0.0,1754048101.7590318,map,base_link,0.05000019073486328,36.61168646812439
1754048101.8203216,1.6435504475759353,-1.5373968730749146,0.0,-0.0,0.0,0.5931562747150428,-0.8050873454266765,-2.067790383364354e-16,0.0,0.0,0.0,0.0,1.4654943925052066e-15,225.05,-72.76261682242901,1754048101.7965438,1.7015957360298553,-0.979586235345036,0.0,1754048101.7965438,map,base_link,0.05121612548828125,36.66290259361267
1754048101.869166,1.6435504475759353,-1.5373968730749146,0.0,-0.0,0.0,0.5931562747150428,-0.8050873454266765,-2.067790383364354e-16,0.0,0.0,0.0,0.0,1.4654943925052066e-15,225.05,-72.76261682242901,1754048101.8590677,1.7015957360298553,-0.979586235345036,0.0,1754048101.8590677,map,base_link,0.048844337463378906,36.71174693107605
1754048101.921697,1.6435504475759353,-1.5373968730749146,0.0,-0.0,0.0,0.5931562747150428,-0.8050873454266765,-2.067790383364354e-16,0.0,0.0,0.0,0.0,1.4654943925052066e-15,225.05,-72.76261682242901,1754048101.8966084,1.7015957360298553,-0.979586235345036,0.0,1754048101.8966084,map,base_link,0.05253100395202637,36.764277935028076
1754048101.9692557,1.6435504475759353,-1.5373968730749146,0.0,-0.0,0.0,0.5931562747150428,-0.8050873454266765,-2.067790383364354e-16,0.0,0.0,0.0,0.0,1.4654943925052066e-15,225.05,-72.76261682242901,1754048101.9590113,1.7015957360298553,-0.979586235345036,0.0,1754048101.9590113,map,base_link,0.04755878448486328,36.81183671951294
1754048102.0194607,1.6435504475759353,-1.5373968730749146,0.0,-0.0,0.0,0.5931562747150428,-0.8050873454266765,-2.067790383364354e-16,0.0,0.0,0.0,0.0,1.4654943925052066e-15,225.05,-72.76261682242901,1754048101.9966226,1.7015957360298553,-0.979586235345036,0.0,1754048101.9966226,map,base_link,0.05020499229431152,36.86204171180725
1754048102.0692155,1.6435504475759353,-1.5373968730749146,0.0,-0.0,0.0,0.5931562747150428,-0.8050873454266765,-2.067790383364354e-16,0.0,0.0,0.0,0.0,1.4654943925052066e-15,225.05,-72.76261682242901,1754048102.0590365,1.7015957360298553,-0.979586235345036,0.0,1754048102.0590365,map,base_link,0.04975485801696777,36.91179656982422
1754048102.119389,1.6435504475759353,-1.5373968730749146,0.0,-0.0,0.0,0.5931562747150428,-0.8050873454266765,-2.067790383364354e-16,0.0,0.0,0.0,0.0,1.4654943925052066e-15,225.05,-72.76261682242901,1754048102.0965474,1.7015957360298553,-0.979586235345036,0.0,1754048102.0965474,map,base_link,0.05017352104187012,36.96197009086609
1754048102.1832054,1.6435504475759353,-1.5373968730749146,0.0,-0.0,0.0,0.5931562747150428,-0.8050873454266765,-2.067790383364354e-16,0.0,0.0,0.0,0.0,1.4654943925052066e-15,225.05,-72.76261682242901,1754048102.158958,1.7015957360298553,-0.979586235345036,0.0,1754048102.158958,map,base_link,0.06381630897521973,37.02578639984131
1754048102.2193797,1.6435504475759353,-1.5373968730749146,0.0,-0.0,0.0,0.5931562747150428,-0.8050873454266765,-2.067790383364354e-16,0.0,0.0,0.0,0.0,1.4654943925052066e-15,225.05,-72.76261682242901,1754048102.1965466,1.7015957360298553,-0.979586235345036,0.0,1754048102.1965466,map,base_link,0.03617429733276367,37.06196069717407
1754048102.2691307,1.6435504475759353,-1.5373968730749146,0.0,-0.0,0.0,0.5931562747150428,-0.8050873454266765,-2.067790383364354e-16,0.0,0.0,0.0,0.0,1.4654943925052066e-15,225.05,-72.76261682242901,1754048102.258985,1.7015957360298553,-0.979586235345036,0.0,1754048102.258985,map,base_link,0.04975104331970215,37.111711740493774
1754048102.3200405,1.6435504475759353,-1.5373968730749146,0.0,-0.0,0.0,0.5931562747150428,-0.8050873454266765,-2.067790383364354e-16,0.0,0.0,0.0,0.0,1.4654943925052066e-15,225.05,-72.76261682242901,1754048102.296638,1.7015957360298553,-0.979586235345036,0.0,1754048102.296638,map,base_link,0.05090975761413574,37.16262149810791
1754048102.3691595,1.6435504475759353,-1.5373968730749146,0.0,-0.0,0.0,0.5931562747150428,-0.8050873454266765,-2.067790383364354e-16,0.0,0.0,0.0,0.0,1.4654943925052066e-15,225.05,-72.76261682242901,1754048102.3589919,1.7015957360298553,-0.979586235345036,0.0,1754048102.3589919,map,base_link,0.049118995666503906,37.211740493774414
1754048102.4421031,1.6435504475759353,-1.5373968730749146,0.0,-0.0,0.0,0.5931562747150428,-0.8050873454266765,-2.067790383364354e-16,0.0,0.0,0.0,0.0,1.4654943925052066e-15,225.05,-72.76261682242901,1754048102.396522,1.7015957360298553,-0.979586235345036,0.0,1754048102.396522,map,base_link,0.07294368743896484,37.28468418121338
1754048102.4692469,1.6435504475759353,-1.5373968730749146,0.0,-0.0,0.0,0.5931562747150428,-0.8050873454266765,-2.067790383364354e-16,0.0,0.0,0.0,0.0,1.4654943925052066e-15,225.05,-72.76261682242901,1754048102.4590366,1.7015957360298553,-0.979586235345036,0.0,1754048102.4590366,map,base_link,0.02714371681213379,37.31182789802551
1754048102.51898,1.6435504475759353,-1.5373968730749146,0.0,-0.0,0.0,0.5931562747150428,-0.8050873454266765,-2.067790383364354e-16,0.0,0.0,0.0,0.0,1.4654943925052066e-15,225.05,-72.76261682242901,1754048102.4964979,1.7015957360298553,-0.979586235345036,0.0,1754048102.4964979,map,base_link,0.04973316192626953,37.36156105995178
1754048102.5690584,1.6435504475759353,-1.5373968730749146,0.0,-0.0,0.0,0.5931562747150428,-0.8050873454266765,-2.067790383364354e-16,0.0,0.0,0.0,0.0,1.4654943925052066e-15,225.05,-72.76261682242901,1754048102.5590444,1.7015957360298553,-0.979586235345036,0.0,1754048102.5590444,map,base_link,0.050078392028808594,37.41163945198059
1754048102.6195605,1.6435504475759353,-1.5373968730749146,0.0,-0.0,0.0,0.5931562747150428,-0.8050873454266765,-2.067790383364354e-16,0.0,0.0,0.0,0.0,1.4654943925052066e-15,225.05,-72.76261682242901,1754048102.5965493,1.7015957360298553,-0.979586235345036,0.0,1754048102.5965493,map,base_link,0.05050206184387207,37.46214151382446
1754048102.6819456,1.6435504475759353,-1.5373968730749146,0.0,-0.0,0.0,0.5931562747150428,-0.8050873454266765,-2.067790383364354e-16,0.0,0.0,0.0,0.0,1.4654943925052066e-15,225.05,-72.76261682242901,1754048102.658976,1.7015957360298553,-0.979586235345036,0.0,1754048102.658976,map,base_link,0.06238508224487305,37.524526596069336
1754048102.723133,1.6435504475759353,-1.5373968730749146,0.0,-0.0,0.0,0.5931562747150428,-0.8050873454266765,-2.067790383364354e-16,0.0,0.0,0.0,0.0,1.4654943925052066e-15,225.05,-72.76261682242901,1754048102.6965501,1.7015957360298553,-0.979586235345036,0.0,1754048102.6965501,map,base_link,0.04118752479553223,37.56571412086487
1754048102.7689724,1.643454410213812,-1.5370885148889504,0.0,-0.0,0.0,0.5922892077473186,-0.8057254460336062,-0.0026093108877060928,0.0,0.0,0.0,0.0,0.01739540591804071,225.02,-72.63925233644757,1754048102.758993,1.7018298407401011,-0.9793637428049016,0.0,1754048102.758993,map,base_link,0.04583930969238281,37.61155343055725
1754048102.8239143,1.6434550734734772,-1.5370883059661662,0.0,-0.0,0.0,0.5905530154679636,-0.806998845055986,-0.0025226149134359266,0.0,0.0,0.0,0.0,0.051930870224016934,225.02,-72.39252336448499,1754048102.7965913,1.70183032141779,-0.9793642453097002,0.0,1754048102.7965913,map,base_link,0.05494189262390137,37.66649532318115
1754048102.8689382,1.6432576954077913,-1.5364732695332612,0.0,-0.0,0.0,0.5870724257211852,-0.8095344136958252,-0.007703902421747044,0.0,0.0,0.0,0.0,0.12092383309536817,224.97,-71.8990654205598,1754048102.8589783,1.7022946789518612,-0.9789152464286708,0.0,1754048102.8589783,map,base_link,0.04502391815185547,37.71151924133301
1754048102.9194608,1.643257695407791,-1.5364732695332608,0.0,-0.0,0.0,0.5853280443894576,-0.8107965715586205,-0.0025477796982316054,0.0,0.0,0.0,0.0,0.1212796165448401,224.97,-71.65233644859707,1754048102.8965878,1.7022946789518616,-0.9789152464286708,0.0,1754048102.8965878,map,base_link,0.050522565841674805,37.76204180717468
1754048102.9690704,1.6432596726653663,-1.5364726043279913,0.0,-0.0,0.0,0.5818311492432541,-0.813309605113744,-0.00030002180662384094,0.0,0.0,0.0,0.0,0.13603320774809102,224.97,-71.15887850467182,1754048102.958946,1.7022961499227742,-0.9789167257157094,0.0,1754048102.958946,map,base_link,0.04960966110229492,37.81165146827698
1754048103.019383,1.6431550429448016,-1.5361670547127908,0.0,-0.0,0.0,0.57920139388333,-0.8151844854532055,-0.002834460972197044,0.0,0.0,0.0,0.0,0.15112428534349404,224.94,-70.7887850467279,1754048102.9971669,1.7025239360647417,-0.9786877684723161,0.0,1754048102.9971669,map,base_link,0.05031251907348633,37.861963987350464
1754048103.0747254,1.6432622997908146,-1.536471690475031,0.0,-0.0,0.0,0.5765655969955642,-0.8170508627748634,0.002419984588580076,0.0,0.0,0.0,0.0,0.11707882134291699,224.97,-70.4186915887839,1754048103.0590603,1.7022981312795677,-0.9789186779299934,0.0,1754048103.0590603,map,base_link,0.05534243583679199,37.917306423187256
1754048103.119397,1.6432629544574182,-1.5364714560102117,0.0,-0.0,0.0,0.5748050562404563,-0.818290380806475,0.002819724394996003,0.0,0.0,0.0,0.0,0.11958869558024483,224.97,-70.17196261682143,1754048103.0965521,1.7022986310665535,-0.9789191614329222,0.0,1754048103.0965521,map,base_link,0.04467153549194336,37.9619779586792
1754048103.1690478,1.6432616481835134,-1.5364719333863446,0.0,-0.0,0.0,0.5712759886730138,-0.820758030582504,9.048819132086646e-05,0.0,0.0,0.0,0.0,0.1380165123835153,224.97,-69.67850467289627,1754048103.1588955,1.7022976252695798,-0.978918200906018,0.0,1754048103.1588955,map,base_link,0.04965090751647949,38.01162886619568
1754048103.219478,1.643487927351938,-1.5370769339256432,0.0,-0.0,0.0,0.5677363275845403,-0.8232104605389922,0.007609340340980306,0.0,0.0,0.0,0.0,0.15478364449709806,225.03,-69.18504672897083,1754048103.1966975,1.7018550490750055,-0.979388683877666,0.0,1754048103.1966975,map,base_link,0.0504300594329834,38.06205892562866
1754048103.2692943,1.643487927351938,-1.5370769339256432,0.0,-0.0,0.0,0.5624071167366771,-0.8268604689087136,0.0024153681381353337,0.0,0.0,0.0,0.0,0.18924296671349655,225.03,-68.44485981308304,1754048103.2589865,1.7018550490750055,-0.979388683877666,0.0,1754048103.2589865,map,base_link,0.04981637001037598,38.11187529563904
1754048103.320981,1.6436069077453752,-1.5373771865055683,0.0,-0.0,0.0,0.5579481733186876,-0.8298757954599831,0.0025007558325896486,0.0,0.0,0.0,0.0,0.22429424297466277,225.05,-67.82803738317642,1754048103.2966175,1.7016383597564202,-0.9796281701716063,0.0,1754048103.2966175,map,base_link,0.051686763763427734,38.163562059402466
1754048103.3723836,1.6437291135755216,-1.5376761408178852,0.0,-0.0,0.0,0.5498814234676892,-0.8352427312614865,0.005150389085883901,0.0,0.0,0.0,0.0,0.2831856844020562,225.08,-66.71775700934475,1754048103.3591092,1.7014242611542234,-0.9798699753293516,0.0,1754048103.3591092,map,base_link,0.05140256881713867,38.214964628219604
1754048103.4320436,1.6438583627908427,-1.5379721121678938,0.0,-0.0,0.0,0.5453775417620097,-0.8381905135120699,0.004743588940518251,0.0,0.0,0.0,0.0,0.3176125871837531,225.11,-66.10093457943826,1754048103.3976512,1.7012159525848758,-0.9801167787726486,0.0,1754048103.3976512,map,base_link,0.05965995788574219,38.27462458610535
1754048103.4695735,1.6437252988461508,-1.5376778306529744,0.0,-0.0,0.0,0.5372308217112796,-0.8434352637893576,-0.0004194403981669701,0.0,0.0,0.0,0.0,0.36331756975266083,225.08,-64.99065420560636,1754048103.4465802,1.7014210586507261,-0.97986730106793,0.0,1754048103.4465802,map,base_link,0.037529945373535156,38.31215453147888
1754048103.5189166,1.6438627828664476,-1.5379700733048292,0.0,-0.0,0.0,0.534504003051454,-0.8451659427130103,0.00032150781259195055,0.0,0.0,0.0,0.0,0.2596120881408986,225.11,-64.62056074766247,1754048103.4979525,1.682448471438899,-0.9812383217971328,0.0,1754048103.4979525,map,base_link,0.049343109130859375,38.36149764060974
1754048103.56893,1.6438627828664476,-1.5379700733048292,0.0,-0.0,0.0,0.534504003051454,-0.8451659427130103,0.0007409482107579166,0.0,0.0,0.0,0.0,0.048864146234053135,225.11,-64.62056074766247,1754048103.5590746,1.682448471438899,-0.9812383217971328,0.0,1754048103.5590746,map,base_link,0.05001330375671387,38.411510944366455
1754048103.619481,1.643724669719428,-1.5376781268981123,0.0,-0.0,0.0,0.5354135634881552,-0.8445900283764397,-0.002577976910422785,0.0,0.0,0.0,0.0,-0.01718651273614903,225.08,-64.74392523364374,1754048103.5967095,1.6826596657618216,-0.9809939759280457,0.0,1754048103.5967095,map,base_link,0.05055117607116699,38.46206212043762
1754048103.6764078,1.6437240401677955,-1.537678422240042,0.0,-0.0,0.0,0.5372308217112796,-0.8434352637893576,-0.0026037462766393205,0.0,0.0,0.0,0.0,-0.05186661948661433,225.08,-64.99065420560636,1754048103.6590567,1.6826591411281684,-0.9809935195053869,0.0,1754048103.6590567,map,base_link,0.056926727294921875,38.518988847732544
1754048103.7193823,1.6437240401677955,-1.537678422240042,0.0,-0.0,0.0,0.5372308217112796,-0.8434352637893576,-2.5769366216741794e-05,0.0,0.0,0.0,0.0,-0.034680106750463804,225.08,-64.99065420560636,1754048103.696489,1.6826591411281684,-0.9809935195053869,0.0,1754048103.696489,map,base_link,0.04297447204589844,38.56196331977844
1754048103.7689452,1.6437240401677955,-1.537678422240042,0.0,-0.0,0.0,0.5372308217112796,-0.8434352637893576,-2.067790383364354e-16,0.0,0.0,0.0,0.0,1.4932499681208355e-15,225.08,-64.99065420560636,1754048103.7589407,1.6826591411281684,-0.9809935195053869,0.0,1754048103.7589407,map,base_link,0.049562931060791016,38.61152625083923
1754048103.8192396,1.6437240401677955,-1.537678422240042,0.0,-0.0,0.0,0.5372308217112796,-0.8434352637893576,-2.067790383364354e-16,0.0,0.0,0.0,0.0,1.4932499681208355e-15,225.08,-64.99065420560636,1754048103.7966044,1.6826591411281684,-0.9809935195053869,0.0,1754048103.7966044,map,base_link,0.05029439926147461,38.66182065010071
1754048103.8692572,1.6437240401677955,-1.537678422240042,0.0,-0.0,0.0,0.5372308217112796,-0.8434352637893576,-2.067790383364354e-16,0.0,0.0,0.0,0.0,1.4932499681208355e-15,225.08,-64.99065420560636,1754048103.8590207,1.6826591411281684,-0.9809935195053869,0.0,1754048103.8590207,map,base_link,0.050017595291137695,38.711838245391846
1754048103.9210713,1.6437240401677955,-1.537678422240042,0.0,-0.0,0.0,0.5372308217112796,-0.8434352637893576,-2.067790383364354e-16,0.0,0.0,0.0,0.0,1.4932499681208355e-15,225.08,-64.99065420560636,1754048103.8965402,1.6826591411281684,-0.9809935195053869,0.0,1754048103.8965402,map,base_link,0.05181407928466797,38.763652324676514
1754048103.9694006,1.6437240401677955,-1.537678422240042,0.0,-0.0,0.0,0.5372308217112796,-0.8434352637893576,-2.067790383364354e-16,0.0,0.0,0.0,0.0,1.4932499681208355e-15,225.08,-64.99065420560636,1754048103.9590735,1.6826591411281684,-0.9809935195053869,0.0,1754048103.9590735,map,base_link,0.04832935333251953,38.81198167800903
1754048104.0346456,1.6437240401677955,-1.537678422240042,0.0,-0.0,0.0,0.5372308217112796,-0.8434352637893576,-2.067790383364354e-16,0.0,0.0,0.0,0.0,1.4932499681208355e-15,225.08,-64.99065420560636,1754048103.99674,1.6826591411281684,-0.9809935195053869,0.0,1754048103.99674,map,base_link,0.06524491310119629,38.87722659111023
1754048104.069361,1.6437240401677955,-1.537678422240042,0.0,-0.0,0.0,0.5372308217112796,-0.8434352637893576,-2.067790383364354e-16,0.0,0.0,0.0,0.0,1.4932499681208355e-15,225.08,-64.99065420560636,1754048104.0589182,1.6826591411281684,-0.9809935195053869,0.0,1754048104.0589182,map,base_link,0.03471541404724121,38.91194200515747
1754048104.1193926,1.6437240401677955,-1.537678422240042,0.0,-0.0,0.0,0.5372308217112796,-0.8434352637893576,-2.067790383364354e-16,0.0,0.0,0.0,0.0,1.4932499681208355e-15,225.08,-64.99065420560636,1754048104.0978808,1.6826591411281684,-0.9809935195053869,0.0,1754048104.0978808,map,base_link,0.05003166198730469,38.961973667144775
1754048104.1690655,1.6437240401677955,-1.537678422240042,0.0,-0.0,0.0,0.5372308217112796,-0.8434352637893576,-2.067790383364354e-16,0.0,0.0,0.0,0.0,1.4932499681208355e-15,225.08,-64.99065420560636,1754048104.1590464,1.6826591411281684,-0.9809935195053869,0.0,1754048104.1590464,map,base_link,0.049672842025756836,39.01164650917053
1754048104.219241,1.6437240401677955,-1.537678422240042,0.0,-0.0,0.0,0.5372308217112796,-0.8434352637893576,-2.067790383364354e-16,0.0,0.0,0.0,0.0,1.4932499681208355e-15,225.08,-64.99065420560636,1754048104.1965623,1.6826591411281684,-0.9809935195053869,0.0,1754048104.1965623,map,base_link,0.05017542839050293,39.061821937561035
1754048104.270318,1.6437240401677955,-1.537678422240042,0.0,-0.0,0.0,0.5372308217112796,-0.8434352637893576,-2.067790383364354e-16,0.0,0.0,0.0,0.0,1.4932499681208355e-15,225.08,-64.99065420560636,1754048104.259066,1.6826591411281684,-0.9809935195053869,0.0,1754048104.259066,map,base_link,0.05107712745666504,39.1128990650177
1754048104.319396,1.6437240401677955,-1.537678422240042,0.0,-0.0,0.0,0.5372308217112796,-0.8434352637893576,-2.067790383364354e-16,0.0,0.0,0.0,0.0,1.4932499681208355e-15,225.08,-64.99065420560636,1754048104.2965484,1.6826591411281684,-0.9809935195053869,0.0,1754048104.2965484,map,base_link,0.04907798767089844,39.1619770526886
1754048104.369239,1.6437240401677955,-1.537678422240042,0.0,-0.0,0.0,0.5372308217112796,-0.8434352637893576,-2.067790383364354e-16,0.0,0.0,0.0,0.0,1.4932499681208355e-15,225.08,-64.99065420560636,1754048104.3590608,1.6826591411281684,-0.9809935195053869,0.0,1754048104.3590608,map,base_link,0.04984307289123535,39.211820125579834
1754048104.4208198,1.6437240401677955,-1.537678422240042,0.0,-0.0,0.0,0.5372308217112796,-0.8434352637893576,-2.067790383364354e-16,0.0,0.0,0.0,0.0,1.4932499681208355e-15,225.08,-64.99065420560636,1754048104.396582,1.6826591411281684,-0.9809935195053869,0.0,1754048104.396582,map,base_link,0.05158066749572754,39.26340079307556
1754048104.468957,1.6437240401677955,-1.537678422240042,0.0,-0.0,0.0,0.5372308217112796,-0.8434352637893576,-2.067790383364354e-16,0.0,0.0,0.0,0.0,1.4932499681208355e-15,225.08,-64.99065420560636,1754048104.4590006,1.6826591411281684,-0.9809935195053869,0.0,1754048104.4590006,map,base_link,0.04813718795776367,39.311537981033325
1754048104.5222163,1.6437240401677955,-1.537678422240042,0.0,-0.0,0.0,0.5372308217112796,-0.8434352637893576,-2.067790383364354e-16,0.0,0.0,0.0,0.0,1.4932499681208355e-15,225.08,-64.99065420560636,1754048104.496548,1.6826591411281684,-0.9809935195053869,0.0,1754048104.496548,map,base_link,0.05325937271118164,39.36479735374451
1754048104.569212,1.6437240401677955,-1.537678422240042,0.0,-0.0,0.0,0.5372308217112796,-0.8434352637893576,-2.067790383364354e-16,0.0,0.0,0.0,0.0,1.4932499681208355e-15,225.08,-64.99065420560636,1754048104.5589883,1.6826591411281684,-0.9809935195053869,0.0,1754048104.5589883,map,base_link,0.04699563980102539,39.41179299354553
1754048104.6193871,1.6437240401677955,-1.537678422240042,0.0,-0.0,0.0,0.5372308217112796,-0.8434352637893576,-2.067790383364354e-16,0.0,0.0,0.0,0.0,1.4932499681208355e-15,225.08,-64.99065420560636,1754048104.5966141,1.6826591411281684,-0.9809935195053869,0.0,1754048104.5966141,map,base_link,0.05017518997192383,39.461968183517456
1754048104.6691408,1.6437240401677955,-1.537678422240042,0.0,-0.0,0.0,0.5372308217112796,-0.8434352637893576,-2.067790383364354e-16,0.0,0.0,0.0,0.0,1.4932499681208355e-15,225.08,-64.99065420560636,1754048104.659032,1.6826591411281684,-0.9809935195053869,0.0,1754048104.659032,map,base_link,0.049753665924072266,39.51172184944153
1754048104.7190533,1.6437240401677955,-1.537678422240042,0.0,-0.0,0.0,0.5372308217112796,-0.8434352637893576,-2.067790383364354e-16,0.0,0.0,0.0,0.0,1.4932499681208355e-15,225.08,-64.99065420560636,1754048104.696645,1.6826591411281684,-0.9809935195053869,0.0,1754048104.696645,map,base_link,0.049912452697753906,39.56163430213928
1754048104.7699628,1.6437240401677955,-1.537678422240042,0.0,-0.0,0.0,0.5372308217112796,-0.8434352637893576,-2.067790383364354e-16,0.0,0.0,0.0,0.0,1.4932499681208355e-15,225.08,-64.99065420560636,1754048104.7590103,1.6826591411281684,-0.9809935195053869,0.0,1754048104.7590103,map,base_link,0.05090951919555664,39.61254382133484
1754048104.8193748,1.6437240401677955,-1.537678422240042,0.0,-0.0,0.0,0.5372308217112796,-0.8434352637893576,-2.067790383364354e-16,0.0,0.0,0.0,0.0,1.4932499681208355e-15,225.08,-64.99065420560636,1754048104.7968202,1.6826591411281684,-0.9809935195053869,0.0,1754048104.7968202,map,base_link,0.04941201210021973,39.66195583343506
1754048104.8692572,1.6437240401677955,-1.537678422240042,0.0,-0.0,0.0,0.5372308217112796,-0.8434352637893576,-2.067790383364354e-16,0.0,0.0,0.0,0.0,1.4932499681208355e-15,225.08,-64.99065420560636,1754048104.8589494,1.6826591411281684,-0.9809935195053869,0.0,1754048104.8589494,map,base_link,0.04988241195678711,39.711838245391846
1754048104.9201846,1.6437240401677955,-1.537678422240042,0.0,-0.0,0.0,0.5372308217112796,-0.8434352637893576,-2.067790383364354e-16,0.0,0.0,0.0,0.0,1.4932499681208355e-15,225.08,-64.99065420560636,1754048104.8966603,1.6826591411281684,-0.9809935195053869,0.0,1754048104.8966603,map,base_link,0.05092740058898926,39.762765645980835
1754048104.9689188,1.6437240401677955,-1.537678422240042,0.0,-0.0,0.0,0.5372308217112796,-0.8434352637893576,-2.067790383364354e-16,0.0,0.0,0.0,0.0,1.4932499681208355e-15,225.08,-64.99065420560636,1754048104.9590254,1.6826591411281684,-0.9809935195053869,0.0,1754048104.9590254,map,base_link,0.048734188079833984,39.81149983406067
1754048105.033984,1.6437240401677955,-1.537678422240042,0.0,-0.0,0.0,0.5372308217112796,-0.8434352637893576,-2.067790383364354e-16,0.0,0.0,0.0,0.0,1.4932499681208355e-15,225.08,-64.99065420560636,1754048104.996605,1.6826591411281684,-0.9809935195053869,0.0,1754048104.996605,map,base_link,0.06506514549255371,39.87656497955322
1754048105.0691695,1.6437240401677955,-1.537678422240042,0.0,-0.0,0.0,0.5372308217112796,-0.8434352637893576,-2.067790383364354e-16,0.0,0.0,0.0,0.0,1.4932499681208355e-15,225.08,-64.99065420560636,1754048105.0589657,1.6826591411281684,-0.9809935195053869,0.0,1754048105.0589657,map,base_link,0.03518557548522949,39.91175055503845
1754048105.1194756,1.6437240401677955,-1.537678422240042,0.0,-0.0,0.0,0.5372308217112796,-0.8434352637893576,-2.067790383364354e-16,0.0,0.0,0.0,0.0,1.4932499681208355e-15,225.08,-64.99065420560636,1754048105.0965176,1.6826591411281684,-0.9809935195053869,0.0,1754048105.0965176,map,base_link,0.050306081771850586,39.9620566368103
1754048105.1693025,1.6437240401677955,-1.537678422240042,0.0,-0.0,0.0,0.5372308217112796,-0.8434352637893576,-2.067790383364354e-16,0.0,0.0,0.0,0.0,1.4932499681208355e-15,225.08,-64.99065420560636,1754048105.1590133,1.6826591411281684,-0.9809935195053869,0.0,1754048105.1590133,map,base_link,0.049826860427856445,40.01188349723816
1754048105.2195241,1.6437240401677955,-1.537678422240042,0.0,-0.0,0.0,0.5372308217112796,-0.8434352637893576,-2.067790383364354e-16,0.0,0.0,0.0,0.0,1.4932499681208355e-15,225.08,-64.99065420560636,1754048105.196644,1.6826591411281684,-0.9809935195053869,0.0,1754048105.196644,map,base_link,0.05022168159484863,40.06210517883301
1754048105.2701235,1.6437240401677955,-1.537678422240042,0.0,-0.0,0.0,0.5372308217112796,-0.8434352637893576,-2.067790383364354e-16,0.0,0.0,0.0,0.0,1.4932499681208355e-15,225.08,-64.99065420560636,1754048105.2589726,1.6826591411281684,-0.9809935195053869,0.0,1754048105.2589726,map,base_link,0.05059933662414551,40.11270451545715
1754048105.3192277,1.6437240401677955,-1.537678422240042,0.0,-0.0,0.0,0.5372308217112796,-0.8434352637893576,-2.067790383364354e-16,0.0,0.0,0.0,0.0,1.4932499681208355e-15,225.08,-64.99065420560636,1754048105.296537,1.6826591411281684,-0.9809935195053869,0.0,1754048105.296537,map,base_link,0.04910421371459961,40.16180872917175
1754048105.3697693,1.6437240401677955,-1.537678422240042,0.0,-0.0,0.0,0.5372308217112796,-0.8434352637893576,-2.067790383364354e-16,0.0,0.0,0.0,0.0,1.4932499681208355e-15,225.08,-64.99065420560636,1754048105.358949,1.6826591411281684,-0.9809935195053869,0.0,1754048105.358949,map,base_link,0.05054163932800293,40.212350368499756
1754048105.4216614,1.6437240401677955,-1.537678422240042,0.0,-0.0,0.0,0.5372308217112796,-0.8434352637893576,-2.067790383364354e-16,0.0,0.0,0.0,0.0,1.4932499681208355e-15,225.08,-64.99065420560636,1754048105.3975809,1.6826591411281684,-0.9809935195053869,0.0,1754048105.3975809,map,base_link,0.05189204216003418,40.26424241065979
1754048105.4693546,1.6437240401677955,-1.537678422240042,0.0,-0.0,0.0,0.5372308217112796,-0.8434352637893576,-2.067790383364354e-16,0.0,0.0,0.0,0.0,1.4932499681208355e-15,225.08,-64.99065420560636,1754048105.4588933,1.6826591411281684,-0.9809935195053869,0.0,1754048105.4588933,map,base_link,0.04769325256347656,40.31193566322327
1754048105.5214918,1.6437240401677955,-1.537678422240042,0.0,-0.0,0.0,0.5372308217112796,-0.8434352637893576,-2.067790383364354e-16,0.0,0.0,0.0,0.0,1.4932499681208355e-15,225.08,-64.99065420560636,1754048105.4966629,1.6826591411281684,-0.9809935195053869,0.0,1754048105.4966629,map,base_link,0.052137136459350586,40.36407279968262
1754048105.5693583,1.6437240401677955,-1.537678422240042,0.0,-0.0,0.0,0.5372308217112796,-0.8434352637893576,-2.067790383364354e-16,0.0,0.0,0.0,0.0,1.4932499681208355e-15,225.08,-64.99065420560636,1754048105.558981,1.6826591411281684,-0.9809935195053869,0.0,1754048105.558981,map,base_link,0.0478665828704834,40.4119393825531
1754048105.6193187,1.6437240401677955,-1.537678422240042,0.0,-0.0,0.0,0.5372308217112796,-0.8434352637893576,-2.067790383364354e-16,0.0,0.0,0.0,0.0,1.4932499681208355e-15,225.08,-64.99065420560636,1754048105.5966072,1.6826591411281684,-0.9809935195053869,0.0,1754048105.5966072,map,base_link,0.04996037483215332,40.461899757385254
1754048105.6734562,1.6437240401677955,-1.537678422240042,0.0,-0.0,0.0,0.5372308217112796,-0.8434352637893576,-2.067790383364354e-16,0.0,0.0,0.0,0.0,1.4932499681208355e-15,225.08,-64.99065420560636,1754048105.6590023,1.6826591411281684,-0.9809935195053869,0.0,1754048105.6590023,map,base_link,0.054137468338012695,40.51603722572327
1754048105.7191365,1.6437240401677955,-1.537678422240042,0.0,-0.0,0.0,0.5372308217112796,-0.8434352637893576,-2.067790383364354e-16,0.0,0.0,0.0,0.0,1.4932499681208355e-15,225.08,-64.99065420560636,1754048105.6966338,1.6826591411281684,-0.9809935195053869,0.0,1754048105.6966338,map,base_link,0.04568028450012207,40.56171751022339
1754048105.7689335,1.6437240401677955,-1.537678422240042,0.0,-0.0,0.0,0.5372308217112796,-0.8434352637893576,-2.067790383364354e-16,0.0,0.0,0.0,0.0,1.4932499681208355e-15,225.08,-64.99065420560636,1754048105.7590978,1.6826591411281684,-0.9809935195053869,0.0,1754048105.7590978,map,base_link,0.04979705810546875,40.61151456832886
1754048105.8193727,1.6437240401677955,-1.537678422240042,0.0,-0.0,0.0,0.5372308217112796,-0.8434352637893576,-2.067790383364354e-16,0.0,0.0,0.0,0.0,1.4932499681208355e-15,225.08,-64.99065420560636,1754048105.8015559,1.6826591411281684,-0.9809935195053869,0.0,1754048105.8015559,map,base_link,0.05043911933898926,40.66195368766785
1754048105.8689911,1.6437240401677955,-1.537678422240042,0.0,-0.0,0.0,0.5372308217112796,-0.8434352637893576,-2.067790383364354e-16,0.0,0.0,0.0,0.0,1.4932499681208355e-15,225.08,-64.99065420560636,1754048105.8590176,1.6826591411281684,-0.9809935195053869,0.0,1754048105.8590176,map,base_link,0.04961848258972168,40.71157217025757
1754048105.921992,1.6437240401677955,-1.537678422240042,0.0,-0.0,0.0,0.5372308217112796,-0.8434352637893576,-2.067790383364354e-16,0.0,0.0,0.0,0.0,1.4932499681208355e-15,225.08,-64.99065420560636,1754048105.8965967,1.6826591411281684,-0.9809935195053869,0.0,1754048105.8965967,map,base_link,0.05300092697143555,40.764573097229004
1754048105.9693959,1.6437240401677955,-1.537678422240042,0.0,-0.0,0.0,0.5372308217112796,-0.8434352637893576,-2.067790383364354e-16,0.0,0.0,0.0,0.0,1.4932499681208355e-15,225.08,-64.99065420560636,1754048105.9591532,1.6826591411281684,-0.9809935195053869,0.0,1754048105.9591532,map,base_link,0.047403812408447266,40.81197690963745
1754048106.021321,1.6437240401677955,-1.537678422240042,0.0,-0.0,0.0,0.5372308217112796,-0.8434352637893576,-2.067790383364354e-16,0.0,0.0,0.0,0.0,1.4932499681208355e-15,225.08,-64.99065420560636,1754048105.9965508,1.6826591411281684,-0.9809935195053869,0.0,1754048105.9965508,map,base_link,0.0519251823425293,40.86390209197998
1754048106.0695155,1.6437240401677955,-1.537678422240042,0.0,-0.0,0.0,0.5372308217112796,-0.8434352637893576,-2.067790383364354e-16,0.0,0.0,0.0,0.0,1.4932499681208355e-15,225.08,-64.99065420560636,1754048106.0592046,1.6826591411281684,-0.9809935195053869,0.0,1754048106.0592046,map,base_link,0.04819440841674805,40.91209650039673
1754048106.1193433,1.6437240401677955,-1.537678422240042,0.0,-0.0,0.0,0.5372308217112796,-0.8434352637893576,-2.067790383364354e-16,0.0,0.0,0.0,0.0,1.4932499681208355e-15,225.08,-64.99065420560636,1754048106.0967672,1.6826591411281684,-0.9809935195053869,0.0,1754048106.0967672,map,base_link,0.04982781410217285,40.9619243144989
1754048106.1773577,1.6437240401677955,-1.537678422240042,0.0,-0.0,0.0,0.5372308217112796,-0.8434352637893576,-2.067790383364354e-16,0.0,0.0,0.0,0.0,1.4932499681208355e-15,225.08,-64.99065420560636,1754048106.1464407,1.6826591411281684,-0.9809935195053869,0.0,1754048106.1464407,map,base_link,0.0580143928527832,41.019938707351685
1754048106.2207477,1.6437240401677955,-1.537678422240042,0.0,-0.0,0.0,0.5372308217112796,-0.8434352637893576,-2.067790383364354e-16,0.0,0.0,0.0,0.0,1.4932499681208355e-15,225.08,-64.99065420560636,1754048106.196686,1.6826591411281684,-0.9809935195053869,0.0,1754048106.196686,map,base_link,0.04339003562927246,41.06332874298096
1754048106.2692008,1.6437240401677955,-1.537678422240042,0.0,-0.0,0.0,0.5372308217112796,-0.8434352637893576,-2.067790383364354e-16,0.0,0.0,0.0,0.0,1.4932499681208355e-15,225.08,-64.99065420560636,1754048106.2590003,1.6826591411281684,-0.9809935195053869,0.0,1754048106.2590003,map,base_link,0.04845309257507324,41.11178183555603
1754048106.3195107,1.6437240401677955,-1.537678422240042,0.0,-0.0,0.0,0.5372308217112796,-0.8434352637893576,-2.067790383364354e-16,0.0,0.0,0.0,0.0,1.4932499681208355e-15,225.08,-64.99065420560636,1754048106.2966197,1.6826591411281684,-0.9809935195053869,0.0,1754048106.2966197,map,base_link,0.05030989646911621,41.16209173202515
1754048106.368951,1.6437240401677955,-1.537678422240042,0.0,-0.0,0.0,0.5372308217112796,-0.8434352637893576,-2.067790383364354e-16,0.0,0.0,0.0,0.0,1.4932499681208355e-15,225.08,-64.99065420560636,1754048106.3588893,1.6826591411281684,-0.9809935195053869,0.0,1754048106.3588893,map,base_link,0.04944038391113281,41.21153211593628
1754048106.424015,1.6437240401677955,-1.537678422240042,0.0,-0.0,0.0,0.5372308217112796,-0.8434352637893576,-2.067790383364354e-16,0.0,0.0,0.0,0.0,1.4932499681208355e-15,225.08,-64.99065420560636,1754048106.3966491,1.6826591411281684,-0.9809935195053869,0.0,1754048106.3966491,map,base_link,0.05506396293640137,41.26659607887268
1754048106.4691486,1.6437240401677955,-1.537678422240042,0.0,-0.0,0.0,0.5372308217112796,-0.8434352637893576,-2.067790383364354e-16,0.0,0.0,0.0,0.0,1.4932499681208355e-15,225.08,-64.99065420560636,1754048106.458908,1.6826591411281684,-0.9809935195053869,0.0,1754048106.458908,map,base_link,0.04513359069824219,41.31172966957092
1754048106.5252957,1.6437240401677955,-1.537678422240042,0.0,-0.0,0.0,0.5372308217112796,-0.8434352637893576,-2.067790383364354e-16,0.0,0.0,0.0,0.0,1.4932499681208355e-15,225.08,-64.99065420560636,1754048106.496516,1.6826591411281684,-0.9809935195053869,0.0,1754048106.496516,map,base_link,0.056147098541259766,41.36787676811218
1754048106.569283,1.6437240401677955,-1.537678422240042,0.0,-0.0,0.0,0.5372308217112796,-0.8434352637893576,-2.067790383364354e-16,0.0,0.0,0.0,0.0,1.4932499681208355e-15,225.08,-64.99065420560636,1754048106.559086,1.6826591411281684,-0.9809935195053869,0.0,1754048106.559086,map,base_link,0.043987274169921875,41.411864042282104
1754048106.6195488,1.6437240401677955,-1.537678422240042,0.0,-0.0,0.0,0.5372308217112796,-0.8434352637893576,-2.067790383364354e-16,0.0,0.0,0.0,0.0,1.4932499681208355e-15,225.08,-64.99065420560636,1754048106.5966306,1.6826591411281684,-0.9809935195053869,0.0,1754048106.5966306,map,base_link,0.05026578903198242,41.46212983131409
1754048106.6765695,1.6437240401677955,-1.537678422240042,0.0,-0.0,0.0,0.5372308217112796,-0.8434352637893576,-2.067790383364354e-16,0.0,0.0,0.0,0.0,1.4932499681208355e-15,225.08,-64.99065420560636,1754048106.6590354,1.6826591411281684,-0.9809935195053869,0.0,1754048106.6590354,map,base_link,0.05702066421508789,41.519150495529175
1754048106.7193465,1.6437240401677955,-1.537678422240042,0.0,-0.0,0.0,0.5372308217112796,-0.8434352637893576,-2.067790383364354e-16,0.0,0.0,0.0,0.0,1.4932499681208355e-15,225.08,-64.99065420560636,1754048106.6965773,1.6826591411281684,-0.9809935195053869,0.0,1754048106.6965773,map,base_link,0.042777061462402344,41.56192755699158
1754048106.7690125,1.6437240401677955,-1.537678422240042,0.0,-0.0,0.0,0.5372308217112796,-0.8434352637893576,-2.067790383364354e-16,0.0,0.0,0.0,0.0,1.4932499681208355e-15,225.08,-64.99065420560636,1754048106.758996,1.6826591411281684,-0.9809935195053869,0.0,1754048106.758996,map,base_link,0.04966592788696289,41.61159348487854
1754048106.8197155,1.6437240401677955,-1.537678422240042,0.0,-0.0,0.0,0.5372308217112796,-0.8434352637893576,-2.067790383364354e-16,0.0,0.0,0.0,0.0,1.4932499681208355e-15,225.08,-64.99065420560636,1754048106.797302,1.6826591411281684,-0.9809935195053869,0.0,1754048106.797302,map,base_link,0.05070304870605469,41.662296533584595
1754048106.8690681,1.6437240401677955,-1.537678422240042,0.0,-0.0,0.0,0.5372308217112796,-0.8434352637893576,-2.067790383364354e-16,0.0,0.0,0.0,0.0,1.4932499681208355e-15,225.08,-64.99065420560636,1754048106.8590372,1.6826591411281684,-0.9809935195053869,0.0,1754048106.8590372,map,base_link,0.04935264587402344,41.71164917945862
1754048106.9241862,1.6437240401677955,-1.537678422240042,0.0,-0.0,0.0,0.5372308217112796,-0.8434352637893576,-2.067790383364354e-16,0.0,0.0,0.0,0.0,1.4932499681208355e-15,225.08,-64.99065420560636,1754048106.8965917,1.6826591411281684,-0.9809935195053869,0.0,1754048106.8965917,map,base_link,0.05511808395385742,41.766767263412476
1754048106.9690802,1.6437240401677955,-1.537678422240042,0.0,-0.0,0.0,0.5372308217112796,-0.8434352637893576,-2.067790383364354e-16,0.0,0.0,0.0,0.0,1.4932499681208355e-15,225.08,-64.99065420560636,1754048106.958948,1.6826591411281684,-0.9809935195053869,0.0,1754048106.958948,map,base_link,0.04489398002624512,41.81166124343872
1754048107.025989,1.6437240401677955,-1.537678422240042,0.0,-0.0,0.0,0.5372308217112796,-0.8434352637893576,-2.067790383364354e-16,0.0,0.0,0.0,0.0,1.4932499681208355e-15,225.08,-64.99065420560636,1754048106.9966402,1.6826591411281684,-0.9809935195053869,0.0,1754048106.9966402,map,base_link,0.05690884590148926,41.86857008934021
1754048107.0696049,1.6437240401677955,-1.537678422240042,0.0,-0.0,0.0,0.5372308217112796,-0.8434352637893576,-2.067790383364354e-16,0.0,0.0,0.0,0.0,1.4932499681208355e-15,225.08,-64.99065420560636,1754048107.0590332,1.6826591411281684,-0.9809935195053869,0.0,1754048107.0590332,map,base_link,0.04361581802368164,41.91218590736389
1754048107.1194265,1.6437240401677955,-1.537678422240042,0.0,-0.0,0.0,0.5372308217112796,-0.8434352637893576,-2.067790383364354e-16,0.0,0.0,0.0,0.0,1.4932499681208355e-15,225.08,-64.99065420560636,1754048107.0966454,1.6826591411281684,-0.9809935195053869,0.0,1754048107.0966454,map,base_link,0.04982161521911621,41.96200752258301
1754048107.1696796,1.6437240401677955,-1.537678422240042,0.0,-0.0,0.0,0.5372308217112796,-0.8434352637893576,-2.067790383364354e-16,0.0,0.0,0.0,0.0,1.4932499681208355e-15,225.08,-64.99065420560636,1754048107.1591344,1.6826591411281684,-0.9809935195053869,0.0,1754048107.1591344,map,base_link,0.05025315284729004,42.0122606754303
1754048107.2191324,1.6437240401677955,-1.537678422240042,0.0,-0.0,0.0,0.5372308217112796,-0.8434352637893576,-2.067790383364354e-16,0.0,0.0,0.0,0.0,1.4932499681208355e-15,225.08,-64.99065420560636,1754048107.196638,1.6826591411281684,-0.9809935195053869,0.0,1754048107.196638,map,base_link,0.049452781677246094,42.061713457107544
1754048107.2857282,1.6437240401677955,-1.537678422240042,0.0,-0.0,0.0,0.5372308217112796,-0.8434352637893576,-2.067790383364354e-16,0.0,0.0,0.0,0.0,1.4932499681208355e-15,225.08,-64.99065420560636,1754048107.259017,1.6826591411281684,-0.9809935195053869,0.0,1754048107.259017,map,base_link,0.06659579277038574,42.12830924987793
1754048107.3193462,1.6437240401677955,-1.537678422240042,0.0,-0.0,0.0,0.5372308217112796,-0.8434352637893576,-2.067790383364354e-16,0.0,0.0,0.0,0.0,1.4932499681208355e-15,225.08,-64.99065420560636,1754048107.2966425,1.6826591411281684,-0.9809935195053869,0.0,1754048107.2966425,map,base_link,0.03361797332763672,42.161927223205566
1754048107.3690414,1.6437240401677955,-1.537678422240042,0.0,-0.0,0.0,0.5372308217112796,-0.8434352637893576,-2.067790383364354e-16,0.0,0.0,0.0,0.0,1.4932499681208355e-15,225.08,-64.99065420560636,1754048107.3590353,1.6826591411281684,-0.9809935195053869,0.0,1754048107.3590353,map,base_link,0.04969525337219238,42.21162247657776
1754048107.4190104,1.6437240401677955,-1.537678422240042,0.0,-0.0,0.0,0.5372308217112796,-0.8434352637893576,-2.067790383364354e-16,0.0,0.0,0.0,0.0,1.4932499681208355e-15,225.08,-64.99065420560636,1754048107.3966665,1.6826591411281684,-0.9809935195053869,0.0,1754048107.3966665,map,base_link,0.04996895790100098,42.26159143447876
1754048107.4689085,1.6437240401677955,-1.537678422240042,0.0,-0.0,0.0,0.5372308217112796,-0.8434352637893576,-2.067790383364354e-16,0.0,0.0,0.0,0.0,1.4932499681208355e-15,225.08,-64.99065420560636,1754048107.459009,1.6826591411281684,-0.9809935195053869,0.0,1754048107.459009,map,base_link,0.04989814758300781,42.31148958206177
1754048107.528355,1.6437240401677955,-1.537678422240042,0.0,-0.0,0.0,0.5372308217112796,-0.8434352637893576,-2.067790383364354e-16,0.0,0.0,0.0,0.0,1.4932499681208355e-15,225.08,-64.99065420560636,1754048107.4966083,1.6826591411281684,-0.9809935195053869,0.0,1754048107.4966083,map,base_link,0.05944633483886719,42.370935916900635
1754048107.5690088,1.6437240401677955,-1.537678422240042,0.0,-0.0,0.0,0.5372308217112796,-0.8434352637893576,-2.067790383364354e-16,0.0,0.0,0.0,0.0,1.4932499681208355e-15,225.08,-64.99065420560636,1754048107.5590696,1.6826591411281684,-0.9809935195053869,0.0,1754048107.5590696,map,base_link,0.04065394401550293,42.41158986091614
1754048107.6192749,1.6437240401677955,-1.537678422240042,0.0,-0.0,0.0,0.5372308217112796,-0.8434352637893576,-2.067790383364354e-16,0.0,0.0,0.0,0.0,1.4932499681208355e-15,225.08,-64.99065420560636,1754048107.5964842,1.6826591411281684,-0.9809935195053869,0.0,1754048107.5964842,map,base_link,0.05026602745056152,42.4618558883667
1754048107.6695294,1.6437240401677955,-1.537678422240042,0.0,-0.0,0.0,0.5372308217112796,-0.8434352637893576,-2.067790383364354e-16,0.0,0.0,0.0,0.0,1.4932499681208355e-15,225.08,-64.99065420560636,1754048107.659023,1.6826591411281684,-0.9809935195053869,0.0,1754048107.659023,map,base_link,0.05025458335876465,42.512110471725464
1754048107.7190082,1.6437240401677955,-1.537678422240042,0.0,-0.0,0.0,0.5372308217112796,-0.8434352637893576,-2.067790383364354e-16,0.0,0.0,0.0,0.0,1.4932499681208355e-15,225.08,-64.99065420560636,1754048107.6966026,1.6826591411281684,-0.9809935195053869,0.0,1754048107.6966026,map,base_link,0.049478769302368164,42.56158924102783
1754048107.7734678,1.6437240401677955,-1.537678422240042,0.0,-0.0,0.0,0.5372308217112796,-0.8434352637893576,-2.067790383364354e-16,0.0,0.0,0.0,0.0,1.4932499681208355e-15,225.08,-64.99065420560636,1754048107.7590315,1.6826591411281684,-0.9809935195053869,0.0,1754048107.7590315,map,base_link,0.054459571838378906,42.61604881286621
1754048107.819391,1.6437240401677955,-1.537678422240042,0.0,-0.0,0.0,0.5372308217112796,-0.8434352637893576,-2.067790383364354e-16,0.0,0.0,0.0,0.0,1.4932499681208355e-15,225.08,-64.99065420560636,1754048107.7965863,1.6826591411281684,-0.9809935195053869,0.0,1754048107.7965863,map,base_link,0.04592323303222656,42.66197204589844
1754048107.8698473,1.6437240401677955,-1.537678422240042,0.0,-0.0,0.0,0.5372308217112796,-0.8434352637893576,-2.067790383364354e-16,0.0,0.0,0.0,0.0,1.4932499681208355e-15,225.08,-64.99065420560636,1754048107.8594105,1.6826591411281684,-0.9809935195053869,0.0,1754048107.8594105,map,base_link,0.05045628547668457,42.71242833137512
1754048107.9205287,1.6437240401677955,-1.537678422240042,0.0,-0.0,0.0,0.5372308217112796,-0.8434352637893576,-2.067790383364354e-16,0.0,0.0,0.0,0.0,1.4932499681208355e-15,225.08,-64.99065420560636,1754048107.8989668,1.6826591411281684,-0.9809935195053869,0.0,1754048107.8989668,map,base_link,0.050681352615356445,42.76310968399048
1754048107.9693875,1.6437240401677955,-1.537678422240042,0.0,-0.0,0.0,0.5372308217112796,-0.8434352637893576,-2.067790383364354e-16,0.0,0.0,0.0,0.0,1.4932499681208355e-15,225.08,-64.99065420560636,1754048107.958948,1.6826591411281684,-0.9809935195053869,0.0,1754048107.958948,map,base_link,0.0488588809967041,42.81196856498718
1754048108.022726,1.6437240401677955,-1.537678422240042,0.0,-0.0,0.0,0.5372308217112796,-0.8434352637893576,-2.067790383364354e-16,0.0,0.0,0.0,0.0,1.4932499681208355e-15,225.08,-64.99065420560636,1754048107.9966621,1.6826591411281684,-0.9809935195053869,0.0,1754048107.9966621,map,base_link,0.05333852767944336,42.865307092666626
1754048108.0689864,1.6437240401677955,-1.537678422240042,0.0,-0.0,0.0,0.5372308217112796,-0.8434352637893576,-2.067790383364354e-16,0.0,0.0,0.0,0.0,1.4932499681208355e-15,225.08,-64.99065420560636,1754048108.0589542,1.6826591411281684,-0.9809935195053869,0.0,1754048108.0589542,map,base_link,0.04626035690307617,42.9115674495697
1754048108.1190898,1.6437240401677955,-1.537678422240042,0.0,-0.0,0.0,0.5372308217112796,-0.8434352637893576,-2.067790383364354e-16,0.0,0.0,0.0,0.0,1.4932499681208355e-15,225.08,-64.99065420560636,1754048108.09649,1.6826591411281684,-0.9809935195053869,0.0,1754048108.09649,map,base_link,0.05010342597961426,42.961670875549316
1754048108.1690178,1.6437240401677955,-1.537678422240042,0.0,-0.0,0.0,0.5372308217112796,-0.8434352637893576,-2.067790383364354e-16,0.0,0.0,0.0,0.0,1.4932499681208355e-15,225.08,-64.99065420560636,1754048108.1591036,1.6826591411281684,-0.9809935195053869,0.0,1754048108.1591036,map,base_link,0.04992794990539551,43.01159882545471
1754048108.2193904,1.6437240401677955,-1.537678422240042,0.0,-0.0,0.0,0.5372308217112796,-0.8434352637893576,-2.067790383364354e-16,0.0,0.0,0.0,0.0,1.4932499681208355e-15,225.08,-64.99065420560636,1754048108.1966894,1.6826591411281684,-0.9809935195053869,0.0,1754048108.1966894,map,base_link,0.05037260055541992,43.06197142601013
1754048108.2779138,1.6437240401677955,-1.537678422240042,0.0,-0.0,0.0,0.5372308217112796,-0.8434352637893576,-2.067790383364354e-16,0.0,0.0,0.0,0.0,1.4932499681208355e-15,225.08,-64.99065420560636,1754048108.2465332,1.6826591411281684,-0.9809935195053869,0.0,1754048108.2465332,map,base_link,0.05852341651916504,43.1204948425293
1754048108.319089,1.6437240401677955,-1.537678422240042,0.0,-0.0,0.0,0.5372308217112796,-0.8434352637893576,-2.067790383364354e-16,0.0,0.0,0.0,0.0,1.4932499681208355e-15,225.08,-64.99065420560636,1754048108.296635,1.6826591411281684,-0.9809935195053869,0.0,1754048108.296635,map,base_link,0.041175127029418945,43.161669969558716
1754048108.369035,1.6437240401677955,-1.537678422240042,0.0,-0.0,0.0,0.5372308217112796,-0.8434352637893576,-2.067790383364354e-16,0.0,0.0,0.0,0.0,1.4932499681208355e-15,225.08,-64.99065420560636,1754048108.3590055,1.6826591411281684,-0.9809935195053869,0.0,1754048108.3590055,map,base_link,0.04994606971740723,43.21161603927612
1754048108.4200761,1.6437240401677955,-1.537678422240042,0.0,-0.0,0.0,0.5372308217112796,-0.8434352637893576,-2.067790383364354e-16,0.0,0.0,0.0,0.0,1.4932499681208355e-15,225.08,-64.99065420560636,1754048108.396579,1.6826591411281684,-0.9809935195053869,0.0,1754048108.396579,map,base_link,0.0510411262512207,43.262657165527344
1754048108.468975,1.6437240401677955,-1.537678422240042,0.0,-0.0,0.0,0.5372308217112796,-0.8434352637893576,-2.067790383364354e-16,0.0,0.0,0.0,0.0,1.4932499681208355e-15,225.08,-64.99065420560636,1754048108.4589498,1.6826591411281684,-0.9809935195053869,0.0,1754048108.4589498,map,base_link,0.048898935317993164,43.31155610084534
1754048108.529731,1.6437240401677955,-1.537678422240042,0.0,-0.0,0.0,0.5372308217112796,-0.8434352637893576,-2.067790383364354e-16,0.0,0.0,0.0,0.0,1.4932499681208355e-15,225.08,-64.99065420560636,1754048108.4964926,1.6826591411281684,-0.9809935195053869,0.0,1754048108.4964926,map,base_link,0.06075596809387207,43.37231206893921
1754048108.5691702,1.6437240401677955,-1.537678422240042,0.0,-0.0,0.0,0.5372308217112796,-0.8434352637893576,-2.067790383364354e-16,0.0,0.0,0.0,0.0,1.4932499681208355e-15,225.08,-64.99065420560636,1754048108.5589476,1.6826591411281684,-0.9809935195053869,0.0,1754048108.5589476,map,base_link,0.03943920135498047,43.41175127029419
1754048108.61956,1.6437240401677955,-1.537678422240042,0.0,-0.0,0.0,0.5372308217112796,-0.8434352637893576,-2.067790383364354e-16,0.0,0.0,0.0,0.0,1.4932499681208355e-15,225.08,-64.99065420560636,1754048108.5966074,1.6826591411281684,-0.9809935195053869,0.0,1754048108.5966074,map,base_link,0.050389766693115234,43.462141036987305
1754048108.6690385,1.6437240401677955,-1.537678422240042,0.0,-0.0,0.0,0.5372308217112796,-0.8434352637893576,-2.067790383364354e-16,0.0,0.0,0.0,0.0,1.4932499681208355e-15,225.08,-64.99065420560636,1754048108.659062,1.6826591411281684,-0.9809935195053869,0.0,1754048108.659062,map,base_link,0.04947853088378906,43.511619567871094
1754048108.71916,1.6437240401677955,-1.537678422240042,0.0,-0.0,0.0,0.5372308217112796,-0.8434352637893576,-2.067790383364354e-16,0.0,0.0,0.0,0.0,1.4932499681208355e-15,225.08,-64.99065420560636,1754048108.696691,1.6826591411281684,-0.9809935195053869,0.0,1754048108.696691,map,base_link,0.05012154579162598,43.56174111366272
1754048108.7787144,1.6437240401677955,-1.537678422240042,0.0,-0.0,0.0,0.5372308217112796,-0.8434352637893576,-2.067790383364354e-16,0.0,0.0,0.0,0.0,1.4932499681208355e-15,225.08,-64.99065420560636,1754048108.7590206,1.6826591411281684,-0.9809935195053869,0.0,1754048108.7590206,map,base_link,0.059554338455200195,43.62129545211792
1754048108.8193645,1.6437240401677955,-1.537678422240042,0.0,-0.0,0.0,0.5372308217112796,-0.8434352637893576,-2.067790383364354e-16,0.0,0.0,0.0,0.0,1.4932499681208355e-15,225.08,-64.99065420560636,1754048108.7968926,1.6826591411281684,-0.9809935195053869,0.0,1754048108.7968926,map,base_link,0.040650129318237305,43.66194558143616
1754048108.8689897,1.6437240401677955,-1.537678422240042,0.0,-0.0,0.0,0.5372308217112796,-0.8434352637893576,-2.067790383364354e-16,0.0,0.0,0.0,0.0,1.4932499681208355e-15,225.08,-64.99065420560636,1754048108.858971,1.6826591411281684,-0.9809935195053869,0.0,1754048108.858971,map,base_link,0.04962515830993652,43.711570739746094
1754048108.9194198,1.6437240401677955,-1.537678422240042,0.0,-0.0,0.0,0.5372308217112796,-0.8434352637893576,-2.067790383364354e-16,0.0,0.0,0.0,0.0,1.4932499681208355e-15,225.08,-64.99065420560636,1754048108.8966725,1.6826591411281684,-0.9809935195053869,0.0,1754048108.8966725,map,base_link,0.0504300594329834,43.76200079917908
1754048108.9693162,1.6435871854866766,-1.5373858837946532,0.0,-0.0,0.0,0.5363225033925777,-0.8440131351790199,-0.0025760649374360687,0.0,0.0,0.0,0.0,0.017173766249573907,225.05,-64.86728971962509,1754048108.9590168,1.682871385699912,-0.9807500853509628,0.0,1754048108.9590168,map,base_link,0.0498964786529541,43.81189727783203
1754048109.024813,1.6435871854866766,-1.5373858837946532,0.0,-0.0,0.0,0.5363225033925777,-0.8440131351790199,-0.0025760649374360687,0.0,0.0,0.0,0.0,0.017173766249573907,225.05,-64.86728971962509,1754048108.9966948,1.682871385699912,-0.9807500853509628,0.0,1754048108.9966948,map,base_link,0.0554966926574707,43.8673939704895
1754048109.0693548,1.643724669719428,-1.5376781268981123,0.0,-0.0,0.0,0.5354135634881552,-0.8445900283764397,1.6069905081227133e-05,0.0,0.0,0.0,0.0,0.03445466519968922,225.08,-64.74392523364374,1754048109.0589907,1.6826596657618216,-0.9809939759280457,0.0,1754048109.0589907,map,base_link,0.04454183578491211,43.911935806274414
1754048109.1194296,1.6435865565724086,-1.5373861804913955,0.0,-0.0,0.0,0.534504003051454,-0.8451659427130103,5.172311146173225e-05,0.0,0.0,0.0,0.0,0.034216977157152516,225.05,-64.62056074766247,1754048109.0966322,1.6828708600847442,-0.9807496300589591,0.0,1754048109.0966322,map,base_link,0.05007481575012207,43.962010622024536
1754048109.1692796,1.6435865565724086,-1.5373861804913955,0.0,-0.0,0.0,0.5308595770758207,-0.8474597981184009,-0.0025404117310555635,0.0,0.0,0.0,0.0,0.08471606051679861,225.05,-64.12710280373732,1754048109.158956,1.6828708600847442,-0.9807496300589591,0.0,1754048109.158956,map,base_link,0.0498499870300293,44.011860609054565
1754048109.2223883,1.6435871816013676,-1.537385875694883,0.0,-0.0,0.0,0.5272053070454652,-0.8497379385569982,-0.0025398198904453416,0.0,0.0,0.0,0.0,0.1530638270127728,225.05,-63.63364485981197,1754048109.1966548,1.6828713915376683,-0.9807500785228958,0.0,1754048109.1966548,map,base_link,0.05310869216918945,44.064969301223755
1754048109.275499,1.6434428170231101,-1.5370969744782401,0.0,-0.0,0.0,0.5207868511574618,-0.8536867432855543,-0.0021675936842068593,0.0,0.0,0.0,0.0,0.2226960737487444,225.02,-62.77009345794293,1754048109.2590864,1.6830772734080162,-0.9805012458484033,0.0,1754048109.2590864,map,base_link,0.05311083793640137,44.118080139160156
1754048109.319192,1.6435921383284708,-1.5373833502690117,0.0,-0.0,0.0,0.5161841111649607,-0.8564776490842242,0.003022672972206577,0.0,0.0,0.0,0.0,0.2565480185525978,225.05,-62.15327102803632,1754048109.2965703,1.6828757051973966,-0.9807535912510601,0.0,1754048109.2965703,map,base_link,0.043692827224731445,44.16177296638489
1754048109.368934,1.6435921383284706,-1.5373833502690115,0.0,-0.0,0.0,0.5069338966455692,-0.8619849328333642,5.3995988966960144e-05,0.0,0.0,0.0,0.0,0.31010407094088827,225.05,-60.91962616822326,1754048109.3590415,1.6872051996264088,-0.9853727953926579,0.0,1754048109.3590415,map,base_link,0.04974198341369629,44.211514949798584
1754048109.4218786,1.6437524432866977,-1.5376637249179506,0.0,-0.0,0.0,0.500423725016718,-0.8657806277807284,0.0047751738073884675,0.0,0.0,0.0,0.0,0.33622707884978,225.09,-60.05607476635394,1754048109.3989756,1.6938273603177916,-0.9915738162551044,0.0,1754048109.3840878,map,base_link,0.05294466018676758,44.26445960998535
1754048109.4690392,1.6437524432866975,-1.5376637249179506,0.0,-0.0,0.0,0.4873184964414622,-0.8732243028145934,0.002169376467099512,0.0,0.0,0.0,0.0,0.43020350625584713,225.09,-58.32897196261564,1754048109.459057,1.6936276515915392,-0.9918276351828033,0.0,1754048109.459057,map,base_link,0.04716062545776367,44.311620235443115
1754048109.5249255,1.6435784559051287,-1.5373916293199434,0.0,-0.0,0.0,0.4788350636624467,-0.8779048819817444,-0.0003925596981017302,0.0,0.0,0.0,0.0,0.4816493337135985,225.05,-57.218691588783955,1754048109.4966087,1.6938145510829234,-0.99156424155433,0.0,1754048109.4966087,map,base_link,0.055886268615722656,44.36750650405884
1754048109.569004,1.6433928910805968,-1.5371272388293615,0.0,-0.0,0.0,0.4626888038735761,-0.8865207672525441,-0.0051425861317862575,0.0,0.0,0.0,0.0,0.5507523212877976,225.02,-55.121495327101734,1754048109.5590744,1.6850747244977027,-0.9921892804659231,0.0,1754048109.5590744,map,base_link,0.04407858848571777,44.411585092544556
1754048109.6196442,1.643391197844559,-1.5371284574284918,0.0,-0.0,0.0,0.4531182639036632,-0.8914504130443432,-0.00506358256986582,0.0,0.0,0.0,0.0,0.5507641285148852,225.02,-53.887850467288665,1754048109.5966403,1.6850729993408742,-0.9921881074927623,0.0,1754048109.5966403,map,base_link,0.050640106201171875,44.46222519874573
1754048109.6726115,1.643391197844559,-1.5371284574284916,0.0,-0.0,0.0,0.4396315325590155,-0.8981782203882542,-0.005087200969008505,0.0,0.0,0.0,0.0,0.5854289587750532,225.02,-52.16074766355035,1754048109.6465733,1.6850729993408744,-0.9921881074927619,0.0,1754048109.6465733,map,base_link,0.05296730995178223,44.51519250869751
1754048109.7194648,1.6431906208081166,-1.5368753413050045,0.0,-0.0,0.0,0.430908562796361,-0.9023955953509384,-0.002607622149616345,0.0,0.0,0.0,0.0,0.568643666027361,224.99,-51.05046728971856,1754048109.68405,1.7176713766944285,-1.0038829054283531,0.0,1754048109.68405,map,base_link,0.04685330390930176,44.56204581260681
1754048109.769051,1.642982484780482,-1.5366283597018897,0.0,-0.0,0.0,0.4240960217561068,-0.9056172283755669,-0.012769772022369863,0.0,0.0,0.0,0.0,0.3202334088001536,224.96,-50.1869158878494,1754048109.7590034,1.7221695373739798,-0.9963240396701789,0.0,1754048109.7590034,map,base_link,0.04958629608154297,44.611632108688354
1754048109.819424,1.642982484780482,-1.5366283597018897,0.0,-0.0,0.0,0.4240960217561068,-0.9056172283755669,-0.012713841254512599,0.0,0.0,0.0,0.0,0.14928545741815044,224.96,-50.1869158878494,1754048109.796698,1.7290614972199558,-0.9846081460382727,0.0,1754048109.796698,map,base_link,0.05037283897399902,44.66200494766235
1754048109.869318,1.642982484780482,-1.5366283597018897,0.0,-0.0,0.0,0.4240960217561068,-0.9056172283755669,-0.00257107777506929,0.0,0.0,0.0,0.0,0.01714051850046211,224.96,-50.1869158878494,1754048109.858996,1.657547226626564,-1.0464186110320026,0.0,1754048109.858996,map,base_link,0.049894094467163086,44.71189904212952
1754048109.919028,1.6427759607488677,-1.5363800539022388,0.0,-0.0,0.0,0.4250707254895271,-0.9051601396061402,-0.0026817329149936694,0.0,0.0,0.0,0.0,-0.017878219433288205,224.93,-50.31028037383069,1754048109.8965826,1.6577517950188145,-1.0461686916076545,0.0,1754048109.8965826,map,base_link,0.04971003532409668,44.76160907745361
1754048109.9691927,1.6427759607488677,-1.5363800539022388,0.0,-0.0,0.0,0.4250707254895271,-0.9051601396061402,-0.0026817329149936694,0.0,0.0,0.0,0.0,-0.017878219433288205,224.93,-50.31028037383069,1754048109.9590878,1.6577517950188145,-1.0461686916076545,0.0,1754048109.9590878,map,base_link,0.05016469955444336,44.81177377700806
1754048110.028755,1.6427759607488677,-1.5363800539022388,0.0,-0.0,0.0,0.4250707254895271,-0.9051601396061402,-0.0026817329149936694,0.0,0.0,0.0,0.0,-0.017878219433288205,224.93,-50.31028037383069,1754048109.996567,1.6577517950188145,-1.0461686916076545,0.0,1754048109.996567,map,base_link,0.05956220626831055,44.87133598327637
1754048110.0690181,1.6427759607488677,-1.5363800539022388,0.0,-0.0,0.0,0.4250707254895271,-0.9051601396061402,-2.0643209364124004e-16,0.0,0.0,0.0,0.0,1.5515366769136562e-15,224.93,-50.31028037383069,1754048110.0589764,1.6577517950188145,-1.0461686916076545,0.0,1754048110.0589764,map,base_link,0.04026317596435547,44.91159915924072
1754048110.1192822,1.6427759607488677,-1.5363800539022388,0.0,-0.0,0.0,0.4250707254895271,-0.9051601396061402,-2.0643209364124004e-16,0.0,0.0,0.0,0.0,1.5515366769136562e-15,224.93,-50.31028037383069,1754048110.0966628,1.6577517950188145,-1.0461686916076545,0.0,1754048110.0966628,map,base_link,0.05026412010192871,44.96186327934265
1754048110.1690896,1.6427759607488677,-1.5363800539022388,0.0,-0.0,0.0,0.4250707254895271,-0.9051601396061402,-2.0643209364124004e-16,0.0,0.0,0.0,0.0,1.5515366769136562e-15,224.93,-50.31028037383069,1754048110.1589992,1.6577517950188145,-1.0461686916076545,0.0,1754048110.1589992,map,base_link,0.04980731010437012,45.01167058944702
1754048110.219499,1.6427759607488677,-1.5363800539022388,0.0,-0.0,0.0,0.4250707254895271,-0.9051601396061402,-2.0643209364124004e-16,0.0,0.0,0.0,0.0,1.5515366769136562e-15,224.93,-50.31028037383069,1754048110.1965919,1.6577517950188145,-1.0461686916076542,0.0,1754048110.1965919,map,base_link,0.050409555435180664,45.0620801448822
1754048110.2691073,1.6427759607488677,-1.5363800539022388,0.0,-0.0,0.0,0.4250707254895271,-0.9051601396061402,-2.0643209364124004e-16,0.0,0.0,0.0,0.0,1.5515366769136562e-15,224.93,-50.31028037383069,1754048110.2591166,1.6577517950188145,-1.0461686916076545,0.0,1754048110.2591166,map,base_link,0.04960823059082031,45.11168837547302
1754048110.319817,1.6427759607488677,-1.5363800539022388,0.0,-0.0,0.0,0.4250707254895271,-0.9051601396061402,-2.0643209364124004e-16,0.0,0.0,0.0,0.0,1.5515366769136562e-15,224.93,-50.31028037383069,1754048110.2966058,1.6577517950188145,-1.0461686916076545,0.0,1754048110.2966058,map,base_link,0.05070972442626953,45.16239809989929
1754048110.3813388,1.6427759607488677,-1.5363800539022388,0.0,-0.0,0.0,0.4250707254895271,-0.9051601396061402,-2.0643209364124004e-16,0.0,0.0,0.0,0.0,1.5515366769136562e-15,224.93,-50.31028037383069,1754048110.358943,1.6577517950188145,-1.0461686916076545,0.0,1754048110.358943,map,base_link,0.06152176856994629,45.22391986846924
1754048110.4192066,1.6427759607488677,-1.5363800539022388,0.0,-0.0,0.0,0.4250707254895271,-0.9051601396061402,-2.0643209364124004e-16,0.0,0.0,0.0,0.0,1.5515366769136562e-15,224.93,-50.31028037383069,1754048110.3964412,1.6577517950188145,-1.0461686916076545,0.0,1754048110.3964412,map,base_link,0.03786778450012207,45.26178765296936
1754048110.4689777,1.6427759607488677,-1.5363800539022388,0.0,-0.0,0.0,0.4250707254895271,-0.9051601396061402,-2.0643209364124004e-16,0.0,0.0,0.0,0.0,1.5515366769136562e-15,224.93,-50.31028037383069,1754048110.458962,1.6577517950188145,-1.0461686916076545,0.0,1754048110.458962,map,base_link,0.04977107048034668,45.31155872344971
1754048110.5189908,1.6427759607488677,-1.5363800539022388,0.0,-0.0,0.0,0.4250707254895271,-0.9051601396061402,-2.0643209364124004e-16,0.0,0.0,0.0,0.0,1.5515366769136562e-15,224.93,-50.31028037383069,1754048110.4966915,1.6577517950188145,-1.0461686916076545,0.0,1754048110.4966915,map,base_link,0.050013065338134766,45.36157178878784
1754048110.5692353,1.6427759607488677,-1.5363800539022388,0.0,-0.0,0.0,0.4250707254895271,-0.9051601396061402,-2.0643209364124004e-16,0.0,0.0,0.0,0.0,1.5515366769136562e-15,224.93,-50.31028037383069,1754048110.559131,1.6577517950188145,-1.0461686916076545,0.0,1754048110.559131,map,base_link,0.05024456977844238,45.411816358566284
1754048110.6339173,1.6427759607488677,-1.5363800539022388,0.0,-0.0,0.0,0.4250707254895271,-0.9051601396061402,-2.0643209364124004e-16,0.0,0.0,0.0,0.0,1.5515366769136562e-15,224.93,-50.31028037383069,1754048110.596657,1.6577517950188145,-1.0461686916076545,0.0,1754048110.596657,map,base_link,0.0646820068359375,45.47649836540222
1754048110.6690652,1.6427759607488677,-1.5363800539022388,0.0,-0.0,0.0,0.4250707254895271,-0.9051601396061402,-2.0643209364124004e-16,0.0,0.0,0.0,0.0,1.5515366769136562e-15,224.93,-50.31028037383069,1754048110.6589441,1.6577517950188145,-1.0461686916076545,0.0,1754048110.6589441,map,base_link,0.035147905349731445,45.51164627075195
1754048110.7191417,1.6427759607488677,-1.5363800539022388,0.0,-0.0,0.0,0.4250707254895271,-0.9051601396061402,-2.0643209364124004e-16,0.0,0.0,0.0,0.0,1.5515366769136562e-15,224.93,-50.31028037383069,1754048110.696645,1.6577517950188145,-1.0461686916076545,0.0,1754048110.696645,map,base_link,0.05007648468017578,45.56172275543213
1754048110.7689536,1.6427759607488677,-1.5363800539022388,0.0,-0.0,0.0,0.4250707254895271,-0.9051601396061402,-2.0643209364124004e-16,0.0,0.0,0.0,0.0,1.5515366769136562e-15,224.93,-50.31028037383069,1754048110.7589784,1.6577517950188145,-1.0461686916076545,0.0,1754048110.7589784,map,base_link,0.04981184005737305,45.6115345954895
1754048110.8195734,1.6427759607488677,-1.5363800539022388,0.0,-0.0,0.0,0.4250707254895271,-0.9051601396061402,-2.0643209364124004e-16,0.0,0.0,0.0,0.0,1.5515366769136562e-15,224.93,-50.31028037383069,1754048110.7966325,1.6577517950188145,-1.0461686916076545,0.0,1754048110.7966325,map,base_link,0.05061984062194824,45.66215443611145
1754048110.8780627,1.6427759607488677,-1.5363800539022388,0.0,-0.0,0.0,0.4250707254895271,-0.9051601396061402,-2.0643209364124004e-16,0.0,0.0,0.0,0.0,1.5515366769136562e-15,224.93,-50.31028037383069,1754048110.85894,1.6577517950188145,-1.0461686916076545,0.0,1754048110.85894,map,base_link,0.058489322662353516,45.720643758773804
1754048110.9192357,1.6427759607488677,-1.5363800539022388,0.0,-0.0,0.0,0.4250707254895271,-0.9051601396061402,-2.0643209364124004e-16,0.0,0.0,0.0,0.0,1.5515366769136562e-15,224.93,-50.31028037383069,1754048110.896566,1.6577517950188145,-1.0461686916076545,0.0,1754048110.896566,map,base_link,0.04117298126220703,45.76181674003601
1754048110.9691029,1.6427759607488677,-1.5363800539022388,0.0,-0.0,0.0,0.4250707254895271,-0.9051601396061402,-2.0643209364124004e-16,0.0,0.0,0.0,0.0,1.5515366769136562e-15,224.93,-50.31028037383069,1754048110.9589837,1.6577517950188145,-1.0461686916076545,0.0,1754048110.9589837,map,base_link,0.04986715316772461,45.811683893203735
1754048111.0193799,1.6427759607488677,-1.5363800539022388,0.0,-0.0,0.0,0.4250707254895271,-0.9051601396061402,-2.0643209364124004e-16,0.0,0.0,0.0,0.0,1.5515366769136562e-15,224.93,-50.31028037383069,1754048110.99665,1.6577517950188145,-1.0461686916076545,0.0,1754048110.99665,map,base_link,0.050276994705200195,45.861960887908936
1754048111.0692468,1.6427759607488677,-1.5363800539022388,0.0,-0.0,0.0,0.4250707254895271,-0.9051601396061402,-2.0643209364124004e-16,0.0,0.0,0.0,0.0,1.5515366769136562e-15,224.93,-50.31028037383069,1754048111.0589848,1.6577517950188145,-1.0461686916076545,0.0,1754048111.0589848,map,base_link,0.04986691474914551,45.91182780265808
1754048111.1231217,1.6427759607488677,-1.5363800539022388,0.0,-0.0,0.0,0.4250707254895271,-0.9051601396061402,-2.0643209364124004e-16,0.0,0.0,0.0,0.0,1.5515366769136562e-15,224.93,-50.31028037383069,1754048111.0965877,1.6577517950188145,-1.0461686916076545,0.0,1754048111.0965877,map,base_link,0.053874969482421875,45.9657027721405
1754048111.1692064,1.6427759607488677,-1.5363800539022388,0.0,-0.0,0.0,0.4250707254895271,-0.9051601396061402,-2.0643209364124004e-16,0.0,0.0,0.0,0.0,1.5515366769136562e-15,224.93,-50.31028037383069,1754048111.1589618,1.6577517950188145,-1.0461686916076545,0.0,1754048111.1589618,map,base_link,0.04608464241027832,46.01178741455078
1754048111.2213356,1.6427759607488677,-1.5363800539022388,0.0,-0.0,0.0,0.4250707254895271,-0.9051601396061402,-2.0643209364124004e-16,0.0,0.0,0.0,0.0,1.5515366769136562e-15,224.93,-50.31028037383069,1754048111.1966588,1.6577517950188145,-1.0461686916076545,0.0,1754048111.1966588,map,base_link,0.052129268646240234,46.06391668319702
1754048111.269286,1.6427759607488677,-1.5363800539022388,0.0,-0.0,0.0,0.4250707254895271,-0.9051601396061402,-2.0643209364124004e-16,0.0,0.0,0.0,0.0,1.5515366769136562e-15,224.93,-50.31028037383069,1754048111.2589996,1.6577517950188145,-1.0461686916076545,0.0,1754048111.2589996,map,base_link,0.04795026779174805,46.11186695098877
1754048111.319388,1.6427759607488677,-1.5363800539022388,0.0,-0.0,0.0,0.4250707254895271,-0.9051601396061402,-2.0643209364124004e-16,0.0,0.0,0.0,0.0,1.5515366769136562e-15,224.93,-50.31028037383069,1754048111.296666,1.6577517950188145,-1.0461686916076545,0.0,1754048111.296666,map,base_link,0.05010199546813965,46.16196894645691
1754048111.3761945,1.6427759607488677,-1.5363800539022388,0.0,-0.0,0.0,0.4250707254895271,-0.9051601396061402,-2.0643209364124004e-16,0.0,0.0,0.0,0.0,1.5515366769136562e-15,224.93,-50.31028037383069,1754048111.3590791,1.6577517950188145,-1.0461686916076545,0.0,1754048111.3590791,map,base_link,0.05680656433105469,46.218775510787964
1754048111.4194179,1.6427759607488677,-1.5363800539022388,0.0,-0.0,0.0,0.4250707254895271,-0.9051601396061402,-2.0643209364124004e-16,0.0,0.0,0.0,0.0,1.5515366769136562e-15,224.93,-50.31028037383069,1754048111.3965952,1.6577517950188145,-1.0461686916076545,0.0,1754048111.3965952,map,base_link,0.04322338104248047,46.261998891830444
1754048111.4692292,1.6427759607488677,-1.5363800539022388,0.0,-0.0,0.0,0.4250707254895271,-0.9051601396061402,-2.0643209364124004e-16,0.0,0.0,0.0,0.0,1.5515366769136562e-15,224.93,-50.31028037383069,1754048111.4590158,1.6577517950188145,-1.0461686916076545,0.0,1754048111.4590158,map,base_link,0.049811363220214844,46.31181025505066
1754048111.519203,1.6427759607488677,-1.5363800539022388,0.0,-0.0,0.0,0.4250707254895271,-0.9051601396061402,-2.0643209364124004e-16,0.0,0.0,0.0,0.0,1.5515366769136562e-15,224.93,-50.31028037383069,1754048111.4965944,1.6577517950188145,-1.0461686916076545,0.0,1754048111.4965944,map,base_link,0.04997372627258301,46.36178398132324
1754048111.5690436,1.6427759607488677,-1.5363800539022388,0.0,-0.0,0.0,0.4250707254895271,-0.9051601396061402,-2.0643209364124004e-16,0.0,0.0,0.0,0.0,1.5515366769136562e-15,224.93,-50.31028037383069,1754048111.5589788,1.657751795018815,-1.0461686916076542,0.0,1754048111.5589788,map,base_link,0.049840688705444336,46.41162467002869
1754048111.62462,1.6427759607488677,-1.5363800539022388,0.0,-0.0,0.0,0.4250707254895271,-0.9051601396061402,-2.0643209364124004e-16,0.0,0.0,0.0,0.0,1.5515366769136562e-15,224.93,-50.31028037383069,1754048111.5964994,1.6577517950188145,-1.0461686916076545,0.0,1754048111.5964994,map,base_link,0.055576324462890625,46.46720099449158
1754048111.668981,1.6427759607488677,-1.5363800539022388,0.0,-0.0,0.0,0.4250707254895271,-0.9051601396061402,-2.0643209364124004e-16,0.0,0.0,0.0,0.0,1.5515366769136562e-15,224.93,-50.31028037383069,1754048111.6590285,1.6577517950188145,-1.0461686916076545,0.0,1754048111.6590285,map,base_link,0.044361114501953125,46.51156210899353
1754048111.7241137,1.6427759607488677,-1.5363800539022388,0.0,-0.0,0.0,0.4250707254895271,-0.9051601396061402,-2.0643209364124004e-16,0.0,0.0,0.0,0.0,1.5515366769136562e-15,224.93,-50.31028037383069,1754048111.696682,1.6577517950188145,-1.0461686916076542,0.0,1754048111.696682,map,base_link,0.05513262748718262,46.56669473648071
1754048111.7691946,1.6427759607488677,-1.5363800539022388,0.0,-0.0,0.0,0.4250707254895271,-0.9051601396061402,-2.0643209364124004e-16,0.0,0.0,0.0,0.0,1.5515366769136562e-15,224.93,-50.31028037383069,1754048111.7590191,1.6577517950188145,-1.0461686916076545,0.0,1754048111.7590191,map,base_link,0.04508090019226074,46.611775636672974
1754048111.8191376,1.6427759607488677,-1.5363800539022388,0.0,-0.0,0.0,0.4250707254895271,-0.9051601396061402,-2.0643209364124004e-16,0.0,0.0,0.0,0.0,1.5515366769136562e-15,224.93,-50.31028037383069,1754048111.7967322,1.6577517950188145,-1.0461686916076545,0.0,1754048111.7967322,map,base_link,0.049942970275878906,46.66171860694885
1754048111.873382,1.6427759607488677,-1.5363800539022388,0.0,-0.0,0.0,0.4250707254895271,-0.9051601396061402,-2.0643209364124004e-16,0.0,0.0,0.0,0.0,1.5515366769136562e-15,224.93,-50.31028037383069,1754048111.8590844,1.6577517950188145,-1.0461686916076545,0.0,1754048111.8590844,map,base_link,0.0542445182800293,46.71596312522888
1754048111.919223,1.6427759607488677,-1.5363800539022388,0.0,-0.0,0.0,0.4250707254895271,-0.9051601396061402,-2.0643209364124004e-16,0.0,0.0,0.0,0.0,1.5515366769136562e-15,224.93,-50.31028037383069,1754048111.8966796,1.6577517950188145,-1.0461686916076545,0.0,1754048111.8966796,map,base_link,0.04584097862243652,46.76180410385132
1754048111.9694161,1.6427759607488677,-1.5363800539022388,0.0,-0.0,0.0,0.4250707254895271,-0.9051601396061402,-2.0643209364124004e-16,0.0,0.0,0.0,0.0,1.5515366769136562e-15,224.93,-50.31028037383069,1754048111.9589922,1.6577517950188145,-1.0461686916076545,0.0,1754048111.9589922,map,base_link,0.050193071365356445,46.811997175216675
1754048112.0194778,1.6427759607488677,-1.5363800539022388,0.0,-0.0,0.0,0.4250707254895271,-0.9051601396061402,-2.0643209364124004e-16,0.0,0.0,0.0,0.0,1.5515366769136562e-15,224.93,-50.31028037383069,1754048111.9966354,1.6577517950188145,-1.0461686916076545,0.0,1754048111.9966354,map,base_link,0.050061702728271484,46.862058877944946
1754048112.0693064,1.6427759607488677,-1.5363800539022388,0.0,-0.0,0.0,0.4250707254895271,-0.9051601396061402,-2.0643209364124004e-16,0.0,0.0,0.0,0.0,1.5515366769136562e-15,224.93,-50.31028037383069,1754048112.0590112,1.6577517950188145,-1.0461686916076545,0.0,1754048112.0590112,map,base_link,0.049828529357910156,46.911887407302856
1754048112.1228707,1.6427759607488677,-1.5363800539022388,0.0,-0.0,0.0,0.4250707254895271,-0.9051601396061402,-2.0643209364124004e-16,0.0,0.0,0.0,0.0,1.5515366769136562e-15,224.93,-50.31028037383069,1754048112.0964825,1.6577517950188145,-1.0461686916076545,0.0,1754048112.0964825,map,base_link,0.05356431007385254,46.96545171737671
1754048112.168995,1.6427759607488677,-1.5363800539022388,0.0,-0.0,0.0,0.4250707254895271,-0.9051601396061402,-2.0643209364124004e-16,0.0,0.0,0.0,0.0,1.5515366769136562e-15,224.93,-50.31028037383069,1754048112.15903,1.6577517950188145,-1.0461686916076545,0.0,1754048112.15903,map,base_link,0.04612421989440918,47.01157593727112
1754048112.225034,1.6427759607488677,-1.5363800539022388,0.0,-0.0,0.0,0.4250707254895271,-0.9051601396061402,-2.0643209364124004e-16,0.0,0.0,0.0,0.0,1.5515366769136562e-15,224.93,-50.31028037383069,1754048112.1966577,1.6577517950188145,-1.0461686916076545,0.0,1754048112.1966577,map,base_link,0.05603909492492676,47.067615032196045
1754048112.2689433,1.6427759607488677,-1.5363800539022388,0.0,-0.0,0.0,0.4250707254895271,-0.9051601396061402,-2.0643209364124004e-16,0.0,0.0,0.0,0.0,1.5515366769136562e-15,224.93,-50.31028037383069,1754048112.2593176,1.6577517950188145,-1.0461686916076545,0.0,1754048112.2593176,map,base_link,0.043909311294555664,47.1115243434906
1754048112.319149,1.6427759607488677,-1.5363800539022388,0.0,-0.0,0.0,0.4250707254895271,-0.9051601396061402,-2.0643209364124004e-16,0.0,0.0,0.0,0.0,1.5515366769136562e-15,224.93,-50.31028037383069,1754048112.2986643,1.6577517950188145,-1.0461686916076545,0.0,1754048112.2986643,map,base_link,0.05020570755004883,47.16173005104065
1754048112.3701694,1.6427759607488677,-1.5363800539022388,0.0,-0.0,0.0,0.4250707254895271,-0.9051601396061402,-2.0643209364124004e-16,0.0,0.0,0.0,0.0,1.5515366769136562e-15,224.93,-50.31028037383069,1754048112.3590434,1.6577517950188145,-1.0461686916076545,0.0,1754048112.3590434,map,base_link,0.05102038383483887,47.21275043487549
1754048112.419193,1.6427759607488677,-1.5363800539022388,0.0,-0.0,0.0,0.4250707254895271,-0.9051601396061402,-2.0643209364124004e-16,0.0,0.0,0.0,0.0,1.5515366769136562e-15,224.93,-50.31028037383069,1754048112.3967404,1.6577517950188145,-1.0461686916076545,0.0,1754048112.3967404,map,base_link,0.04902362823486328,47.26177406311035
1754048112.4690003,1.6429819496708773,-1.5366288037962765,0.0,-0.0,0.0,0.42604493657553605,-0.9047020017764675,0.0025721518035707576,0.0,0.0,0.0,0.0,-0.01714767869047154,224.96,-50.43364485981198,1754048112.4590454,1.6575466889955337,-1.0464181699934683,0.0,1754048112.4590454,map,base_link,0.04980731010437012,47.31158137321472
1754048112.5191689,1.6429819496708773,-1.5366288037962765,0.0,-0.0,0.0,0.4279918762895368,-0.9037825810614862,0.0025721518035707576,0.0,0.0,0.0,0.0,-0.05133786545987982,224.96,-50.68037383177455,1754048112.4966166,1.6575466889955337,-1.0464181699934683,0.0,1754048112.4966166,map,base_link,0.050168514251708984,47.36174988746643
1754048112.5689988,1.6433901665033495,-1.5371293937654358,0.0,-0.0,0.0,0.42993683187227544,-0.9028589704929728,0.00775781102923207,0.0,0.0,0.0,0.0,-0.08590892696428856,225.02,-50.92710280373728,1754048112.558992,1.6571327287802087,-1.046914021019145,0.0,1754048112.558992,map,base_link,0.049829959869384766,47.411579847335815
1754048112.6243253,1.64359238305912,-1.5373812199164743,0.0,-0.0,0.0,0.432850525278896,-0.9014657080365197,0.007782614379509977,0.0,0.0,0.0,0.0,-0.12037941077084273,225.05,-51.297196261681144,1754048112.5966163,1.6569238861026114,-1.0471603798667406,0.0,1754048112.5966163,map,base_link,0.05532646179199219,47.46690630912781
1754048112.668974,1.6437929687745632,-1.5376343469923368,0.0,-0.0,0.0,0.43769663269671377,-0.8991227156100318,0.007766871226096608,0.0,0.0,0.0,0.0,-0.1551088513309503,225.09,-51.914018691587614,1754048112.6589885,1.6567134564749868,-1.047405384596475,0.0,1754048112.6589885,map,base_link,0.04464864730834961,47.51155495643616
1754048112.7213461,1.6439919152806317,-1.5378887644317898,0.0,-0.0,0.0,0.4425300581300807,-0.8967536716687518,0.0077234153503364395,0.0,0.0,0.0,0.0,-0.18994591169975503,225.12,-52.53084112149436,1754048112.6964688,1.6565014486771001,-1.0476490249860047,0.0,1754048112.6964688,map,base_link,0.05237221717834473,47.5639271736145
1754048112.769383,1.64438264624605,-1.5384031152300937,0.0,-0.0,0.0,0.45023681088130596,-0.8929091858231895,0.007332154998366577,0.0,0.0,0.0,0.0,-0.2633258795441379,225.18,-53.51775700934464,1754048112.7590103,1.6560706574556763,-1.0481303215209978,0.0,1754048112.7590103,map,base_link,0.048036813735961914,47.611963987350464
1754048112.8195784,1.6447633391264194,-1.5389249430085536,0.0,-0.0,0.0,0.45599499054477205,-0.8899823417338533,0.009983417781728421,0.0,0.0,0.0,0.0,-0.3145525032015452,225.25,-54.25794392523257,1754048112.7966723,1.655630619070945,-1.0486031825148423,0.0,1754048112.7966723,map,base_link,0.05019545555114746,47.66215944290161
1754048112.868983,1.6449488786641968,-1.5391892963768345,0.0,-0.0,0.0,0.46650206702678637,-0.8845201080019243,0.007756319309115222,0.0,0.0,0.0,0.0,-0.3684572669881879,225.28,-55.61495327102703,1754048112.859098,1.6554063101524985,-1.0488355467386494,0.0,1754048112.859098,map,base_link,0.04940462112426758,47.71156406402588
1754048112.9191806,1.6447673443338426,-1.538922176721431,0.0,-0.0,0.0,0.4731544195099209,-0.8809795090115489,0.0051793722751339345,0.0,0.0,0.0,0.0,-0.37824953555949914,225.25,-56.47850467289608,1754048112.8966851,1.6556340956125193,-1.048606589520805,0.0,1754048112.8966851,map,base_link,0.050197601318359375,47.76176166534424
1754048112.982074,1.6449436686478052,-1.539192763786358,0.0,-0.0,0.0,0.48543721469212214,-0.8742715313859617,3.3319166404773665e-05,0.0,0.0,0.0,0.0,-0.4135256006736558,225.28,-58.082242990653064,1754048112.9590983,1.6599840468812277,-1.0472010229317192,0.0,1754048112.9590983,map,base_link,0.06289339065551758,47.824655055999756
1754048113.019357,1.64511235101189,-1.5394681796236789,0.0,-0.0,0.0,0.4920117979196719,-0.8705885312292208,0.005184519834516161,0.0,0.0,0.0,0.0,-0.4107372127647224,225.31,-58.945794392522274,1754048112.9976535,1.668095747762835,-1.042241477520505,0.0,1754048112.9976535,map,base_link,0.03728294372558594,47.86193799972534
1754048113.0693712,1.6457619691679441,-1.5405847540050033,0.0,-0.0,0.0,0.5069338966455689,-0.8619849328333644,0.013165834164404273,0.0,0.0,0.0,0.0,-0.5019763827805033,225.43,-60.91962616822321,1754048113.0589473,1.6671844936929827,-1.0431570965012407,0.0,1754048113.0589473,map,base_link,0.05001425743103027,47.91195225715637
1754048113.119027,1.6460698122283421,-1.5411525915255446,0.0,-0.0,0.0,0.5161841111649603,-0.8564776490842244,0.01853967915514929,0.0,0.0,0.0,0.0,-0.5351715339177465,225.49,-62.15327102803628,1754048113.0967069,1.6864203918365115,-1.013337905554749,0.0,1754048113.0967069,map,base_link,0.04965567588806152,47.961607933044434
1754048113.1692295,1.64650910266819,-1.5420161400880372,0.0,-0.0,0.0,0.5317716090928636,-0.846887805888588,0.01576816640453809,0.0,0.0,0.0,0.0,-0.5851680857022599,225.58,-64.2504672897185,1754048113.159046,1.6857061721697186,-1.0139925676644597,0.0,1754048113.159046,map,base_link,0.05020260810852051,48.011810541152954
1754048113.2249355,1.6467821812113645,-1.5426015096076997,0.0,-0.0,0.0,0.542667619421604,-0.839947530998984,0.015874898192241076,0.0,0.0,0.0,0.0,-0.6199567693459268,225.64,-65.73084112149431,1754048113.1966383,1.6870905110422292,-1.0091704706591593,0.0,1754048113.1966383,map,base_link,0.055706024169921875,48.067516565322876
1754048113.2693193,1.6472825013077417,-1.543792376533373,0.0,-0.0,0.0,0.564186138613147,-0.8256476251990232,0.017568404856286222,0.0,0.0,0.0,0.0,-0.7496340765746077,225.76,-68.69158878504572,1754048113.2589762,1.6924379596531303,-0.9935639064543285,0.0,1754048113.2589762,map,base_link,0.04438376426696777,48.111900329589844
1754048113.3251083,1.6476199622094347,-1.5447005976186565,0.0,-0.0,0.0,0.575685660221376,-0.8176710956218756,0.022741650457177333,0.0,0.0,0.0,0.0,-0.7843681262289797,225.85,-70.29532710280252,1754048113.296632,1.6907971322808888,-0.994648094654264,0.0,1754048113.296632,map,base_link,0.05578899383544922,48.16768932342529
1754048113.368957,1.6482298885769608,-1.546539710076856,0.0,-0.0,0.0,0.5966176580009526,-0.8025256196293414,0.02829558960748031,0.0,0.0,0.0,0.0,-0.8059129254425661,226.02,-73.2560747663541,1754048113.3595173,1.6884202966902602,-0.9938134709497533,0.0,1754048113.3595173,map,base_link,0.04384875297546387,48.21153807640076
1754048113.419118,1.6484113101970035,-1.5471596356070494,0.0,-0.0,0.0,0.606935171456566,-0.7947513432822803,0.028403768641264593,0.0,0.0,0.0,0.0,-0.7701081087146602,226.07,-74.73644859812967,1754048113.3973475,1.697921574306826,-0.9842239553604992,0.0,1754048113.3973475,map,base_link,0.050160884857177734,48.261698961257935
1754048113.469258,1.6488078144239087,-1.5487248861260814,0.0,-0.0,0.0,0.6247460605782533,-0.7808279962910868,0.023610973304017787,0.0,0.0,0.0,0.0,-0.7404118072151757,226.21,-77.32710280373726,1754048113.4589486,1.69741369523175,-0.9846230646317422,0.0,1754048113.4216213,map,base_link,0.0501401424407959,48.31183910369873
1754048113.5190074,1.6490728750083061,-1.5499892289720019,0.0,-0.0,0.0,0.6347809295898741,-0.7726921582551588,0.026010155200018138,0.0,0.0,0.0,0.0,-0.7315321467125593,226.32,-78.80747663551286,1754048113.4974542,1.6838528286887362,-0.984161337197653,0.0,1754048113.4974542,map,base_link,0.04974937438964844,48.36158847808838
1754048113.5691638,1.6493469941902417,-1.5515805429218847,0.0,-0.0,0.0,0.6504521527795505,-0.7595472315428766,0.025729133580784304,0.0,0.0,0.0,0.0,-0.7021555348903261,226.45,-81.1514018691578,1754048113.558988,1.6582574040396372,-1.0011333852317699,0.0,1754048113.558988,map,base_link,0.050156354904174805,48.411744832992554
1754048113.6194594,1.649482617951002,-1.5525398783777598,0.0,-0.0,0.0,0.6610181643859346,-0.7503698996840489,0.029299647789672277,0.0,0.0,0.0,0.0,-0.7303722155251101,226.52,-82.75514018691484,1754048113.5964868,1.6211251627125751,-1.0255846939612747,0.0,1754048113.5964868,map,base_link,0.05029559135437012,48.462040424346924
1754048113.66918,1.6496596661174252,-1.5541448548028385,0.0,-0.0,0.0,0.679393429910834,-0.7337741937367331,0.02909736477455759,0.0,0.0,0.0,0.0,-0.7461814835426409,226.64,-85.59252336448499,1754048113.6590054,1.6228687903073027,-1.022872003709482,0.0,1754048113.6590054,map,base_link,0.04972052574157715,48.5117609500885
1754048113.7192652,1.649699591699341,-1.5547895211472096,0.0,-0.0,0.0,0.6903751563601821,-0.7234515488135015,0.02449675391737552,0.0,0.0,0.0,0.0,-0.8010667094915634,226.69,-87.3196261682231,1754048113.6965678,1.6277055642886358,-1.015002053100906,0.0,1754048113.6965678,map,base_link,0.05008530616760254,48.5618462562561
1754048113.7693975,1.6497493640675578,-1.557049429056768,0.0,-0.0,0.0,0.7080749701164375,-0.7061372647684062,0.02577577791351996,0.0,0.0,0.0,0.0,-0.7922904661790156,226.85,-90.15700934579334,1754048113.7591267,1.6297995378289163,-1.0120470027461574,0.0,1754048113.7591267,map,base_link,0.05013227462768555,48.61197853088379
1754048113.8322499,1.6497221837774698,-1.5583409618049187,0.0,-0.0,0.0,0.7186369160668626,-0.6953854922745434,0.030939347930013683,0.0,0.0,0.0,0.0,-0.7933559222179032,226.94,-91.88411214953166,1754048113.7965891,1.6345084198343593,-1.0066418986610461,0.0,1754048113.7965891,map,base_link,0.06285238265991211,48.6748309135437
1754048113.8691356,1.6495766733065491,-1.5605969033591696,0.0,-0.0,0.0,0.7356331985284672,-0.6773800980415478,0.03616737983973888,0.0,0.0,0.0,0.0,-0.7941477536508277,227.08,-94.72149532710161,1754048113.8589108,1.632498730170775,-1.0076770764474317,0.0,1754048113.8589108,map,base_link,0.036885738372802734,48.711716651916504
1754048113.9196103,1.6494841090348897,-1.5615613528130452,0.0,-0.0,0.0,0.7464753964808664,-0.6654130164407166,0.033686033133964885,0.0,0.0,0.0,0.0,-0.8101461337183951,227.14,-96.5719626168213,1754048113.896765,1.628472783302734,-1.0080852225143844,0.0,1754048113.896765,map,base_link,0.05047464370727539,48.76219129562378
1754048113.969343,1.6491236003475016,-1.5641195402644235,0.0,-0.0,0.0,0.7620243959303283,-0.647548314805172,0.03900446848677777,0.0,0.0,0.0,0.0,-0.8120421452171236,227.29,-99.28598130841014,1754048113.9589636,1.6192017788681827,-1.007929576638251,0.0,1754048113.946981,map,base_link,0.04973268508911133,48.81192398071289
1754048114.019478,1.6489000670533545,-1.5653918721684967,0.0,-0.0,0.0,0.7716972060349535,-0.6359901117138902,0.03633511500107872,0.0,0.0,0.0,0.0,-0.7947236888006076,227.36,-101.01308411214833,1754048113.9966156,1.6059550771711462,-0.9964774229788609,0.0,1754048113.9966156,map,base_link,0.050135135650634766,48.862059116363525
1754048114.0692716,1.6482804942587082,-1.5682314867192835,0.0,-0.0,0.0,0.7858770670798706,-0.6183827580373992,0.04387106754376328,0.0,0.0,0.0,0.0,-0.7402178964341894,227.51,-103.60373831775587,1754048114.0591924,1.5997522553605419,-0.9977164569116095,0.0,1754048114.0591924,map,base_link,0.04979348182678223,48.91185259819031
1754048114.1195168,1.6478747183961588,-1.5697944669703536,0.0,-0.0,0.0,0.7944542476601606,-0.6073240060912529,0.04129552898555619,0.0,0.0,0.0,0.0,-0.7583557361523148,227.59,-105.20747663551288,1754048114.096648,1.5918394396963746,-0.9983471045117458,0.0,1754048114.096648,map,base_link,0.05024528503417969,48.96209788322449
1754048114.1695635,1.6470384614469409,-1.5725779515388711,0.0,-0.0,0.0,0.8092470360317173,-0.5874684967501496,0.046465410645538455,0.0,0.0,0.0,0.0,-0.7580273391627704,227.72,-108.044859813083,1754048114.1591601,1.5967279001281922,-0.9959113700087694,0.0,1754048114.1591601,map,base_link,0.050046682357788086,49.012144565582275
1754048114.2224956,1.646625096498591,-1.5738018803557938,0.0,-0.0,0.0,0.8155244598118881,-0.5787226066506543,0.043777243338595194,0.0,0.0,0.0,0.0,-0.7047945348439797,227.78,-109.27850467289606,1754048114.1966977,1.6067536464842374,-0.9878226292360184,0.0,1754048114.1966977,map,base_link,0.052932024002075195,49.06507658958435
1754048114.2699578,1.645739997208238,-1.5762291733362805,0.0,-0.0,0.0,0.8241539044214624,-0.5663659080725632,0.04113342004611891,0.0,0.0,0.0,0.0,-0.5545804147340135,227.88,-111.00560747663447,1754048114.2589629,1.6043532281304402,-0.9887782147600079,0.0,1754048114.2589629,map,base_link,0.04746222496032715,49.11253881454468
1754048114.3197052,1.6451498071108737,-1.5777322734057846,0.0,-0.0,0.0,0.8283985434821333,-0.5601391373191844,0.04109515267318326,0.0,0.0,0.0,0.0,-0.485878731797923,227.94,-111.86915887850347,1754048114.2966037,1.5998882246640322,-0.9893053739198294,0.0,1754048114.2966037,map,base_link,0.049747467041015625,49.16228628158569
1754048114.3691669,1.6444093289357158,-1.579523001885373,0.0,-0.0,0.0,0.8331919401684117,-0.5529838974494627,0.03621026217321597,0.0,0.0,0.0,0.0,-0.34969479366343575,228.01,-112.85607476635397,1754048114.3591485,1.5905643730300258,-0.9891097094957813,0.0,1754048114.3591485,map,base_link,0.04946160316467285,49.211747884750366
1754048114.4197524,1.6439024238523785,-1.5807112630930438,0.0,-0.0,0.0,0.8355654850781222,-0.5493908628164126,0.03362360086434734,0.0,0.0,0.0,0.0,-0.29292125518915174,228.06,-113.34953271027912,1754048114.3966305,1.5883251491683994,-0.9774678916192574,0.0,1754048114.3966305,map,base_link,0.05058550834655762,49.262333393096924
1754048114.4741938,1.6431229251851445,-1.582485359229643,0.0,-0.0,0.0,0.8390967367607277,-0.5439822298177561,0.031055588604883156,0.0,0.0,0.0,0.0,-0.20703725736588705,228.13,-114.08971962616725,1754048114.4589517,1.5865524275960243,-0.9782505112592816,0.0,1754048114.4589517,map,base_link,0.05444145202636719,49.31677484512329
1754048114.5192623,1.6425905549246993,-1.5836624316008086,0.0,-0.0,0.0,0.84143146376461,-0.5403638512955375,0.03340850921648791,0.0,0.0,0.0,0.0,-0.22272339477658537,228.17,-114.58317757009239,1754048114.4969475,1.5853799310894048,-0.9816457854580749,0.0,1754048114.4969475,map,base_link,0.04506850242614746,49.36184334754944
1754048114.5695062,1.6416345856086996,-1.5857111183099726,0.0,-0.0,0.0,0.8454796649892109,-0.5340076180072076,0.036324566517858245,0.0,0.0,0.0,0.0,-0.2421637767857209,228.24,-115.44672897196162,1754048114.5589972,1.5833253094695845,-0.9897296770741144,0.0,1754048114.5589972,map,base_link,0.05024385452270508,49.412087202072144
1754048114.619671,1.6412154528851814,-1.586584672183913,0.0,-0.0,0.0,0.8471999233691755,-0.5312742134183281,0.03379519277735994,0.0,0.0,0.0,0.0,-0.22530128518239878,228.27,-115.81682242990544,1754048114.5966017,1.5824251244531693,-0.9900880561287775,0.0,1754048114.5966017,map,base_link,0.05016493797302246,49.462252140045166
1754048114.6692772,1.640932900087741,-1.5871655294953024,0.0,-0.0,0.0,0.8483418539684939,-0.529448863258104,0.02066663609017863,0.0,0.0,0.0,0.0,-0.13777757393452336,228.29,-116.06355140186803,1754048114.6589704,1.5818237231752892,-0.9903237419418851,0.0,1754048114.6589704,map,base_link,0.0496060848236084,49.511858224868774
1754048114.7205203,1.640932900087741,-1.5871655294953024,0.0,-0.0,0.0,0.8483418539684939,-0.529448863258104,0.010329033427170523,0.0,0.0,0.0,0.0,-0.06886022284780266,228.29,-116.06355140186803,1754048114.6970587,1.581823723175289,-0.9903237419418851,0.0,1754048114.6839476,map,base_link,0.05124306678771973,49.563101291656494
1754048114.7690415,1.640932900087741,-1.5871655294953024,0.0,-0.0,0.0,0.8483418539684939,-0.529448863258104,0.0025934251284638857,0.0,0.0,0.0,0.0,-0.017289500856425066,228.29,-116.06355140186803,1754048114.7589958,1.5816047913910964,-0.9861769402327372,0.0,1754048114.7589958,map,base_link,0.04852128028869629,49.61162257194519
1754048114.8322632,1.640932900087741,-1.5871655294953024,0.0,-0.0,0.0,0.8483418539684939,-0.529448863258104,-2.0435042547006787e-16,0.0,0.0,0.0,0.0,2.19824158875781e-15,228.29,-116.06355140186803,1754048114.796644,1.5811858677144979,-0.9787947722262191,0.0,1754048114.796644,map,base_link,0.06322169303894043,49.67484426498413
1754048114.8689997,1.640932900087741,-1.5871655294953024,0.0,-0.0,0.0,0.8483418539684939,-0.529448863258104,-2.0435042547006787e-16,0.0,0.0,0.0,0.0,2.19824158875781e-15,228.29,-116.06355140186803,1754048114.859015,1.5811858677144979,-0.9787947722262191,0.0,1754048114.859015,map,base_link,0.036736488342285156,49.711580753326416
1754048114.9193301,1.640932900087741,-1.5871655294953024,0.0,-0.0,0.0,0.8483418539684939,-0.529448863258104,-2.0435042547006787e-16,0.0,0.0,0.0,0.0,2.19824158875781e-15,228.29,-116.06355140186803,1754048114.8964777,1.5811858677144979,-0.9787947722262191,0.0,1754048114.8964777,map,base_link,0.050330400466918945,49.761911153793335
1754048114.9690762,1.6407906863549735,-1.5874555005283164,0.0,-0.0,0.0,0.8489113447850417,-0.5285352672199387,0.0026059978595109837,0.0,0.0,0.0,0.0,-0.017373319063405723,228.3,-116.18691588784951,1754048114.9590268,1.5808899450093479,-0.9789241464831311,0.0,1754048114.9590268,map,base_link,0.049746036529541016,49.811657190322876
1754048115.0193362,1.640504387517791,-1.588034520627591,0.0,-0.0,0.0,0.8500473741517761,-0.5267062385216928,0.007788671650672307,0.0,0.0,0.0,0.0,-0.051924477671147884,228.32,-116.43364485981209,1754048114.9964557,1.5802972673571327,-0.9791809820338266,0.0,1754048114.9964557,map,base_link,0.050260066986083984,49.86191725730896
1754048115.075117,1.6402155979474085,-1.5886123024926355,0.0,-0.0,0.0,0.8511794627764924,-0.5248747680614129,0.012969512630309123,0.0,0.0,0.0,0.0,-0.08646341753539333,228.34,-116.68037383177469,1754048115.0590768,1.5797034892098252,-0.9794352630030629,0.0,1754048115.0465548,map,base_link,0.055780887603759766,49.91769814491272
1754048115.1193922,1.6400690301425749,-1.5889000972534648,0.0,-0.0,0.0,0.8528701953467163,-0.5221230026432986,0.010284882657093392,0.0,0.0,0.0,0.0,-0.1031501830204979,228.35,-117.05046728971851,1754048115.0970516,1.5794056502838107,-0.9795601626424748,0.0,1754048115.0970516,map,base_link,0.04427504539489746,49.96197319030762
1754048115.1690402,1.6397690992079075,-1.5894721748128622,0.0,-0.0,0.0,0.8573352758377776,-0.5147584140197825,0.010233279247082259,0.0,0.0,0.0,0.0,-0.2076123491295787,228.37,-118.03738317756901,1754048115.159049,1.5788070564569738,-0.9798028903294185,0.0,1754048115.159049,map,base_link,0.04964804649353027,50.01162123680115
1754048115.2202036,1.6394605851853952,-1.590039658295098,0.0,-0.0,0.0,0.8617367642483095,-0.5073556436493571,0.012615666149466184,0.0,0.0,0.0,0.0,-0.2899530152098578,228.39,-119.02429906541961,1754048115.1974552,1.578204881714219,-0.9800365652829024,0.0,1754048115.1974552,map,base_link,0.051163434982299805,50.06278467178345
1754048115.2696629,1.638654433682173,-1.5914387982965288,0.0,-0.0,0.0,0.869817021488689,-0.4933744512320693,0.02067451410863929,0.0,0.0,0.0,0.0,-0.44826813551136313,228.43,-120.87476635513922,1754048115.2590597,1.5766854842162001,-0.9805832866312731,0.0,1754048115.2590597,map,base_link,0.049459218978881836,50.11224389076233
1754048115.321217,1.6383170246272536,-1.59198958131118,0.0,-0.0,0.0,0.8750779777155675,-0.48398195515662845,0.020627898876641737,0.0,0.0,0.0,0.0,-0.5174511151326517,228.44,-122.10841121495231,1754048115.296734,1.5760720520830562,-0.9807855434422756,0.0,1754048115.296734,map,base_link,0.051554203033447266,50.163798093795776
1754048115.3706758,1.6368941313142935,-1.5941459424840245,0.0,-0.0,0.0,0.8852950363964287,-0.4650297824138213,0.031121427948215798,0.0,0.0,0.0,0.0,-0.6232396832763858,228.49,-124.57570093457842,1754048115.359103,1.5733762751920815,-0.9817676295151889,0.0,1754048115.359103,map,base_link,0.04945874214172363,50.2132568359375
1754048115.4341722,1.6359558278729898,-1.5954601525006882,0.0,-0.0,0.0,0.8917163365321364,-0.45259471402315965,0.03618535944850102,0.0,0.0,0.0,0.0,-0.6891944003679191,228.51,-126.17943925233537,1754048115.3966115,1.5711909275456208,-0.9799851583148562,0.0,1754048115.3966115,map,base_link,0.06349635124206543,50.276753187179565
1754048115.4689937,1.6337934340017468,-1.5982785244596434,0.0,-0.0,0.0,0.901719728306902,-0.43232109777586253,0.051742588176866874,0.0,0.0,0.0,0.0,-0.7236853474320565,228.56,-128.77009345794266,1754048115.4589293,1.5677735019854189,-0.9809548852320298,0.0,1754048115.4589293,map,base_link,0.034821510314941406,50.31157469749451
1754048115.519602,1.6315361886803759,-1.6010217925650785,0.0,-0.0,0.0,0.9067759896666817,-0.42161274241181323,0.0671091129938409,0.0,0.0,0.0,0.0,-0.689494569581208,228.59,-130.12710280373733,1754048115.496737,1.5088664422661022,-0.99229426949016,0.0,1754048115.496737,map,base_link,0.05060839653015137,50.36218309402466
1754048115.573329,1.6285568482246087,-1.6044226983434262,0.0,-0.0,0.0,0.9139033651321872,-0.4059318159495068,0.07732791280313125,0.0,0.0,0.0,0.0,-0.6198514563387575,228.61,-132.10093457943813,1754048115.5592675,1.505403685496412,-0.993087917277834,0.0,1754048115.5465295,map,base_link,0.053726911544799805,50.41591000556946
1754048115.619737,1.6265873056922773,-1.6065603570394398,0.0,-0.0,0.0,0.9177934897277535,-0.39705806906969165,0.07993165081858694,0.0,0.0,0.0,0.0,-0.567803707558563,228.62,-133.21121495326992,1754048115.5966685,1.5411912289663143,-0.9827383912844649,0.0,1754048115.5966685,map,base_link,0.04640793800354004,50.462317943573
1754048115.6690264,1.6232138819337052,-1.6100370320390425,0.0,-0.0,0.0,0.9240853891562133,-0.3821860718917028,0.07754182911459374,0.0,0.0,0.0,0.0,-0.516945527430624,228.63,-135.0616822429896,1754048115.6588948,1.5364684549799266,-0.984094751873287,0.0,1754048115.6588948,map,base_link,0.04928946495056152,50.51160740852356
1754048115.719377,1.6209110918435032,-1.6123014695484126,0.0,-0.0,0.0,0.9273426413485761,-0.37421334227502656,0.08000987757586497,0.0,0.0,0.0,0.0,-0.49953210847078544,228.62,-136.04859813084013,1754048115.6966867,1.5327906637730404,-0.9830136515951104,0.0,1754048115.6966867,map,base_link,0.05035066604614258,50.5619580745697
1754048115.7691605,1.6166600138135858,-1.6162664420717905,0.0,-0.0,0.0,0.9336505547880232,-0.3581852056464875,0.08793061329160701,0.0,0.0,0.0,0.0,-0.5179299382153836,228.6,-138.02242990654128,1754048115.7589676,1.5271252178566428,-0.9843157245945866,0.0,1754048115.7589676,map,base_link,0.04978346824645996,50.61174154281616
1754048115.819189,1.6144804473301637,-1.6181895053655095,0.0,-0.0,0.0,0.9370771416671342,-0.34912237190554507,0.08476008820407735,0.0,0.0,0.0,0.0,-0.5306601796668329,228.58,-139.13271028037306,1754048115.7975814,1.5242755024984476,-0.9848882670511543,0.0,1754048115.7975814,map,base_link,0.05002856254577637,50.66177010536194
1754048115.8690042,1.6105151980371486,-1.621502661215613,0.0,-0.0,0.0,0.9429514421584624,-0.33293028959720083,0.08231567240045909,0.0,0.0,0.0,0.0,-0.5487711493363933,228.54,-141.1065420560741,1754048115.8590364,1.499035797458574,-0.9752741973816597,0.0,1754048115.8590364,map,base_link,0.04981517791748047,50.71158528327942
1754048115.9200358,1.6079798585788394,-1.6235032734908355,0.0,-0.0,0.0,0.9464809189058166,-0.3227597715750848,0.08239746597440717,0.0,0.0,0.0,0.0,-0.5493164398293805,228.5,-142.34018691588713,1754048115.8964956,1.4958496822811012,-0.9758024640950835,0.0,1754048115.8964956,map,base_link,0.05103158950805664,50.762616872787476
1754048115.9728258,1.6046205810643026,-1.6260216367167097,0.0,-0.0,0.0,0.9509051866190694,-0.3094823517762405,0.07448475814110844,0.0,0.0,0.0,0.0,-0.4965650542740555,228.45,-143.94392523364405,1754048115.9590242,1.4919297706630634,-0.9527778460329883,0.0,1754048115.9590242,map,base_link,0.052789926528930664,50.815406799316406
1754048116.0194478,1.6025187854014287,-1.6275243013651712,0.0,-0.0,0.0,0.9535352935788928,-0.30128133679239866,0.06951211197438482,0.0,0.0,0.0,0.0,-0.46341407982923133,228.41,-144.93084112149475,1754048115.996879,1.488630055846023,-0.9148322829022377,0.0,1754048115.996879,map,base_link,0.04662203788757324,50.86202883720398
1754048116.069402,1.5993210612839333,-1.6297139053238328,0.0,-0.0,0.0,0.9567234441850276,-0.2909987136513464,0.06447068155280514,0.0,0.0,0.0,0.0,-0.3952771021058228,228.34,-146.16448598130782,1754048116.0590603,1.4848103533381523,-0.9154877810172342,0.0,1754048116.0590603,map,base_link,0.04995417594909668,50.911983013153076
1754048116.1194155,1.5966249057887385,-1.6314919447128255,0.0,-0.0,0.0,0.9585831347653501,-0.2848128749607971,0.06981080442538813,0.0,0.0,0.0,0.0,-0.36227444793648544,228.28,-146.90467289719578,1754048116.0966625,1.417066454073157,-0.9428573720917246,0.0,1754048116.0966625,map,base_link,0.05001354217529297,50.96199655532837
1754048116.172136,1.5920050462992656,-1.6344586493829323,0.0,-0.0,0.0,0.9607022191696766,-0.27758106218266887,0.08267877206054075,0.0,0.0,0.0,0.0,-0.27554472086590465,228.17,-147.76822429906517,1754048116.1590679,1.4116261297089545,-0.9435971755212753,0.0,1754048116.1590679,map,base_link,0.05272054672241211,51.01471710205078
1754048116.219319,1.5887189209687413,-1.6365133156380964,0.0,-0.0,0.0,0.9618886367383223,-0.27344149376729904,0.0930458203260948,0.0,0.0,0.0,0.0,-0.24069906284020606,228.08,-148.26168224299042,1754048116.1966445,1.4077798539591426,-0.9440730284023533,0.0,1754048116.1966445,map,base_link,0.04718303680419922,51.06190013885498
1754048116.2693036,1.5826421170426637,-1.6401951848411749,0.0,-0.0,0.0,0.964207939533117,-0.2651472220131695,0.10872913957241626,0.0,0.0,0.0,0.0,-0.2754990146792737,227.93,-149.24859813084103,1754048116.259037,1.3768389246404418,-0.952138932446734,0.0,1754048116.259037,map,base_link,0.04998445510864258,51.11188459396362
1754048116.3189812,1.5781898962703464,-1.6428182324246905,0.0,-0.0,0.0,0.9653407817510113,-0.26099267248017954,0.1216488313951217,0.0,0.0,0.0,0.0,-0.2585902910533349,227.81,-149.74205607476617,1754048116.2967207,1.3717356609990856,-0.9529509353024264,0.0,1754048116.2967207,map,base_link,0.04967761039733887,51.16156220436096
1754048116.3694036,1.5714779195019744,-1.646695145934002,0.0,-0.0,0.0,0.9664557230627344,-0.256833283199992,0.12674446262465913,0.0,0.0,0.0,0.0,-0.18973505076528607,227.62,-150.23551401869153,1754048116.359009,1.364070551153807,-0.9541029689641134,0.0,1754048116.359009,map,base_link,0.05042243003845215,51.211984634399414
1754048116.4208024,1.5672647897450986,-1.6490865373525594,0.0,-0.0,0.0,0.967280169127031,-0.2537106115510001,0.12926187231709377,0.0,0.0,0.0,0.0,-0.17255454809294046,227.5,-150.6056074766355,1754048116.3965538,1.3592745635562808,-0.9547868682471929,0.0,1754048116.3965538,map,base_link,0.05139875411987305,51.26338338851929
1754048116.469097,1.560204805801912,-1.653004262985073,0.0,-0.0,0.0,0.9686318205998332,-0.2485002940067726,0.12934947361120575,0.0,0.0,0.0,0.0,-0.17300294018633505,227.3,-151.222429906542,1754048116.4590046,1.3424970819890532,-0.9531420801494142,0.0,1754048116.4590046,map,base_link,0.0482945442199707,51.31167793273926
1754048116.5193899,1.5562370183067462,-1.6551724431198784,0.0,-0.0,0.0,0.9691646250155247,-0.24641414248885413,0.12674953003686668,0.0,0.0,0.0,0.0,-0.15544275118479364,227.19,-151.46915887850466,1754048116.4964628,1.3242712274508517,-0.9494751143598414,0.0,1754048116.4964628,map,base_link,0.05029296875,51.36197090148926
1754048116.569393,1.549405357500546,-1.6588342563823542,0.0,-0.0,0.0,0.9707360707343169,-0.2401488725255633,0.12161173204201572,0.0,0.0,0.0,0.0,-0.15549295464138693,226.99,-152.20934579439248,1754048116.558974,1.3165783012842778,-0.9504234564583769,0.0,1754048116.558974,map,base_link,0.0500030517578125,51.41197395324707
1754048116.619133,1.5465417553704026,-1.6603277446820521,0.0,-0.0,0.0,0.9717612040418111,-0.23596644320582857,0.11136573846026905,0.0,0.0,0.0,0.0,-0.19011858658747616,226.9,-152.70280373831764,1754048116.5965178,1.3133686400777638,-0.9507823427920485,0.0,1754048116.5965178,map,base_link,0.04974007606506348,51.461714029312134
1754048116.672217,1.5410702496576185,-1.6631056832338098,0.0,-0.0,0.0,0.9735118155444853,-0.22863670964060007,0.09834087759039493,0.0,0.0,0.0,0.0,-0.2419586777170731,226.73,-153.56635514018686,1754048116.6590898,1.3072632402629223,-0.951397493556742,0.0,1754048116.6590898,map,base_link,0.05308389663696289,51.5147979259491
1754048116.719136,1.537593982285248,-1.6648191075215713,0.0,-0.0,0.0,0.9744873492142198,-0.2244424340926719,0.09852260327633876,0.0,0.0,0.0,0.0,-0.24263951918366797,226.62,-154.05981308411233,1754048116.696508,1.303402832152006,-0.9517402862802185,0.0,1754048116.696508,map,base_link,0.04691910743713379,51.56171703338623
1754048116.7693102,1.5317784358283195,-1.667630241873234,0.0,-0.0,0.0,0.9749683407229027,-0.22234373071447264,0.10072598056576001,0.0,0.0,0.0,0.0,-0.15519032638211225,226.44,-154.3065420560749,1754048116.7590933,1.3050959861937694,-0.9521702374108754,0.0,1754048116.7590933,map,base_link,0.05017423629760742,51.61189126968384
1754048116.8208883,1.5282860211687563,-1.6693105364426342,0.0,-0.0,0.0,0.9749683407229028,-0.22234373071447178,0.10093673316738276,0.0,0.0,0.0,0.0,-0.08646946952047797,226.32,-154.30654205607496,1754048116.7965512,1.3130634789274362,-0.9522743185899389,0.0,1754048116.7965512,map,base_link,0.05157804489135742,51.663469314575195
1754048116.8690624,1.5227481117034145,-1.6719537522580366,0.0,-0.0,0.0,0.9756813525494327,-0.21919374600409933,0.10082555500473353,0.0,0.0,0.0,0.0,-0.05184025446873425,226.15,-154.67663551401893,1754048116.8590012,1.3069518891202034,-0.9528252279484035,0.0,1754048116.8590012,map,base_link,0.048174142837524414,51.71164345741272
1754048116.921534,1.5192413615887124,-1.6736039036051524,0.0,-0.0,0.0,0.9761510402624832,-0.217092483965871,0.10092160512797368,0.0,0.0,0.0,0.0,-0.08643316407702638,226.03,-154.9233644859815,1754048116.8964884,1.3030900828134415,-0.9531519508958777,0.0,1754048116.8964884,map,base_link,0.05247163772583008,51.76411509513855
1754048116.9692695,1.514551290488761,-1.6757732259328608,0.0,-0.0,0.0,0.9770768374908309,-0.21288695037253116,0.09042286693513409,0.0,0.0,0.0,0.0,-0.11968318129232733,225.88,-155.4168224299069,1754048116.9590156,1.2979382492948006,-0.9535536195158838,0.0,1754048116.9590156,map,base_link,0.04773545265197754,51.81185054779053
1754048117.0193996,1.5122000150248858,-1.6768443007490204,0.0,-0.0,0.0,0.9775329427142162,-0.21078269831389118,0.0824221826773419,0.0,0.0,0.0,0.0,-0.13626598949251723,225.8,-155.66355140186943,1754048116.9971492,1.2953612104517704,-0.953739545227787,0.0,1754048116.9971492,map,base_link,0.05013012886047363,51.861980676651
1754048117.069422,1.5080717080395456,-1.67868856937956,0.0,-0.0,0.0,0.9784315558071099,-0.20657127244822365,0.07531439079127625,0.0,0.0,0.0,0.0,-0.12058986300877912,225.66,-156.15700934579488,1754048117.0590308,1.2908491445922934,-0.9540319610730212,0.0,1754048117.0590308,map,base_link,0.05002236366271973,51.91200304031372
1754048117.119541,1.5060009387463706,-1.6795957612597756,0.0,-0.0,0.0,0.9790936097508919,-0.20341018495878765,0.06987802619966041,0.0,0.0,0.0,0.0,-0.15486177064760642,225.59,-156.52710280373873,1754048117.0967777,1.2885921090823282,-0.9541618582625295,0.0,1754048117.0967777,map,base_link,0.05011892318725586,51.96212196350098
1754048117.1808894,1.5027393897478498,-1.6810041287411546,0.0,-0.0,0.0,0.9797454509752902,-0.200246975740522,0.05944409516710183,0.0,0.0,0.0,0.0,-0.11994146249850982,225.48,-156.8971962616826,1754048117.1590497,1.2850443159199982,-0.9543472349322619,0.0,1754048117.1590497,map,base_link,0.06134843826293945,52.023470401763916
1754048117.2203913,1.5009561761521033,-1.6817625688846969,0.0,-0.0,0.0,0.9801743346965406,-0.19813700714958327,0.05696181404856691,0.0,0.0,0.0,0.0,-0.10310749814048821,225.42,-157.14392523364546,1754048117.196539,1.289088982865865,-0.9549066824160704,0.0,1754048117.196539,map,base_link,0.03950190544128418,52.0629723072052
1754048117.269353,1.4973681386705793,-1.68322743431971,0.0,-0.0,0.0,0.9822505542940582,-0.18757358179929154,0.05694659290593761,0.0,0.0,0.0,0.0,-0.241718809031974,225.29,-158.37757009345856,1754048117.2589512,1.2990203964645266,-0.952514600476597,0.0,1754048117.2589512,map,base_link,0.048961639404296875,52.1119339466095
1754048117.3196719,1.4952602534861825,-1.6840446335701007,0.0,-0.0,0.0,0.9836361872726553,-0.18016617631429502,0.05958085260556976,0.0,0.0,0.0,0.0,-0.3275075223150069,225.21,-159.24112149532775,1754048117.29658,1.296768337297254,-0.9527126511583492,0.0,1754048117.29658,map,base_link,0.05031895637512207,52.16225290298462
1754048117.3693187,1.4913139340388835,-1.6854776240016742,0.0,-0.0,0.0,0.9860612474305023,-0.1663827404384295,0.06718056955365745,0.0,0.0,0.0,0.0,-0.41335687742512883,225.05,-160.8448598130847,1754048117.3589857,1.2925790894993316,-0.9529903229875163,0.0,1754048117.3589857,map,base_link,0.049646854400634766,52.211899757385254
1754048117.4261463,1.4888660660026043,-1.6863043574116514,0.0,-0.0,0.0,0.98745762527688,-0.15788425596792394,0.06724046988324858,0.0,0.0,0.0,0.0,-0.4482697992216568,224.95,-161.83177570093517,1754048117.3965101,1.2899978345275538,-0.9531028788620042,0.0,1754048117.3965101,map,base_link,0.056827545166015625,52.26872730255127
1754048117.4690006,1.4845493456080432,-1.687649252317345,0.0,-0.0,0.0,0.9897249843953791,-0.14298410843015535,0.07245071814857795,0.0,0.0,0.0,0.0,-0.4830047876571858,224.77,-163.5588785046736,1754048117.4589596,1.2898688509600171,-0.9533864308035602,0.0,1754048117.4589596,map,base_link,0.04285430908203125,52.3115816116333
1754048117.5193431,1.48175369418651,-1.6884448751027055,0.0,-0.0,0.0,0.9910638832525559,-0.13338807784942508,0.0752653090942941,0.0,0.0,0.0,0.0,-0.5017687272952935,224.64,-164.66915887850539,1754048117.4964592,1.2923641310170526,-0.9514700123708542,0.0,1754048117.4964592,map,base_link,0.050342559814453125,52.361924171447754
1754048117.5694656,1.4767475527970613,-1.6897250126076941,0.0,-0.0,0.0,0.9932143503314199,-0.11629812679375105,0.08048755168897917,0.0,0.0,0.0,0.0,-0.5365836779265274,224.41,-166.64299065420636,1754048117.559012,1.2871993958473782,-0.9516303690668786,0.0,1754048117.559012,map,base_link,0.05012249946594238,52.412046670913696
1754048117.6194365,1.4739131444849567,-1.690369071617088,0.0,-0.0,0.0,0.9942945283309723,-0.10666954078409328,0.08142231718689603,0.0,0.0,0.0,0.0,-0.5428154479126398,224.27,-167.75327102803837,1754048117.59657,1.273100938044944,-0.9517080546448637,0.0,1754048117.59657,map,base_link,0.04997086524963379,52.46201753616333
1754048117.6689537,1.4697931379431863,-1.6911762091716778,0.0,-0.0,0.0,0.996268265006162,-0.08631074175102331,0.07380068516492137,0.0,0.0,0.0,0.0,-0.5970466026732346,224.06,-170.0971962616833,1754048117.6610775,1.2401128852062193,-0.951704520228468,0.0,1754048117.6610775,map,base_link,0.049517154693603516,52.511534690856934
1754048117.7189476,1.4675623294871027,-1.6915427191900747,0.0,-0.0,0.0,0.9972204893827525,-0.07450701681870943,0.06736964463342773,0.0,0.0,0.0,0.0,-0.6234609091386599,223.94,-171.45420560747766,1754048117.6966376,1.2378567186358398,-0.9515611732088889,0.0,1754048117.6966376,map,base_link,0.04999399185180664,52.56152868270874
1754048117.783136,1.46340047073293,-1.692094639338563,0.0,-0.0,0.0,0.998417000565544,-0.05624493738730966,0.06543348955401021,0.0,0.0,0.0,0.0,-0.6041716512619633,223.71,-173.55140186915995,1754048117.7590835,1.2340122992483566,-0.9472819927408156,0.0,1754048117.7590835,map,base_link,0.06418824195861816,52.62571692466736
1754048117.8192687,1.46082953472423,-1.6923509352193276,0.0,-0.0,0.0,0.9990602786231338,-0.04334235431383657,0.06483070796495663,0.0,0.0,0.0,0.0,-0.6389192864637219,223.56,-175.03177570093558,1754048117.796478,1.2310434595157458,-0.9394676743696179,0.0,1754048117.796478,map,base_link,0.0361328125,52.66184973716736
1754048117.8696387,1.4563190566199065,-1.6926634658277562,0.0,-0.0,0.0,0.9996586047336373,-0.026128030580151833,0.06990956089310026,0.0,0.0,0.0,0.0,-0.6039013270403463,223.29,-177.00560747663656,1754048117.858977,1.246475623148957,-0.9373575961444985,0.0,1754048117.858977,map,base_link,0.050369977951049805,52.71221971511841
1754048117.9194155,1.4530922245362394,-1.6927974447382312,0.0,-0.0,0.0,0.9998819542257237,-0.015364817400402702,0.07776287244991431,0.0,0.0,0.0,0.0,-0.5879775008681292,223.09,-178.23925233644985,1754048117.8965588,1.2432546391703192,-0.9371216769761556,0.0,1754048117.8965588,map,base_link,0.04977679252624512,52.76199650764465
1754048117.971871,1.447602508133543,-1.6928656818813719,0.0,0.0,0.0,0.999995689755738,0.002936063682169443,0.08783864762838631,0.0,0.0,0.0,0.0,-0.5855909841892416,222.74,179.6635514018681,1754048117.9590228,1.237761792951226,-0.9358728382636945,0.0,1754048117.9590228,map,base_link,0.05245542526245117,52.814451932907104
1754048118.0304625,1.4440505063822984,-1.6928027541585289,0.0,0.0,0.0,0.9998908042651012,0.014777670523092578,0.09067115091509528,0.0,0.0,0.0,0.0,-0.604474339433968,222.51,178.30654205607354,1754048117.9966023,1.2345928954185288,-0.9299533245043052,0.0,1754048117.9966023,map,base_link,0.058591604232788086,52.87304353713989
1754048118.069174,1.4385666519543034,-1.6925401078139877,0.0,0.0,0.0,0.999452916669302,0.033073665675659294,0.09043750693579723,0.0,0.0,0.0,0.0,-0.6029167129053145,222.13,176.20934579439125,1754048118.0590336,1.2287384102804721,-0.9136153343021213,0.0,1754048118.0590336,map,base_link,0.0387115478515625,52.911755084991455
1754048118.1191833,1.4353465904761065,-1.6922919149026,0.0,0.0,0.0,0.9990389496581947,0.04383123390746788,0.0882796401343563,0.0,0.0,0.0,0.0,-0.5885309342290415,221.9,174.97570093457819,1754048118.0965583,1.2255054678353139,-0.9119739407527855,0.0,1754048118.0965583,map,base_link,0.05000925064086914,52.961764335632324
1754048118.1690037,1.4308490691827225,-1.6918281051487818,0.0,0.0,0.0,0.998264889907194,0.05888301604518809,0.08023257072145075,0.0,0.0,0.0,0.0,-0.5348838048096712,221.58,173.24859813083975,1754048118.15896,1.221001686482118,-0.9115754802217623,0.0,1754048118.15896,map,base_link,0.0498204231262207,53.011584758758545
1754048118.2193556,1.4286060618974041,-1.6915454164800172,0.0,0.0,0.0,0.9977928115890963,0.06640410485147902,0.0723149868967664,0.0,0.0,0.0,0.0,-0.4820999126451088,221.41,172.38504672897056,1754048118.1965342,1.2187548112212887,-0.9113253879833535,0.0,1754048118.1965342,map,base_link,0.050351858139038086,53.06193661689758
1754048118.2805498,1.4263675698376737,-1.6912289550069073,0.0,0.0,0.0,0.9972640689816518,0.07392142259290815,0.05678953134011968,0.0,0.0,0.0,0.0,-0.37859687560079736,221.24,171.52149532710135,1754048118.2464721,1.2065169136382243,-0.9109389840608856,0.0,1754048118.2464721,map,base_link,0.06119418144226074,53.123130798339844
1754048118.3220563,1.4241333394091182,-1.6908836002822962,0.0,0.0,0.0,0.9968517197743831,0.07928838996255819,0.045999112425291255,0.0,0.0,0.0,0.0,-0.2737711545484208,221.07,170.9046728971947,1754048118.2985353,1.2042768261388352,-0.910633920971058,0.0,1754048118.2985353,map,base_link,0.04150652885437012,53.164637327194214
1754048118.369486,1.4209465142292348,-1.6903593354491147,0.0,0.0,0.0,0.9965010439381158,0.0835803172418331,0.047269963445224786,0.0,0.0,0.0,0.0,-0.17310335580231057,220.83,170.41121495326936,1754048118.359013,1.2010810764286184,-0.9101671317979866,0.0,1754048118.359013,map,base_link,0.047429800033569336,53.21206712722778
1754048118.428166,1.4187179687418245,-1.6899789750527516,0.0,0.0,0.0,0.996410487415937,0.08465306000101193,0.050198810891948206,0.0,0.0,0.0,0.0,-0.12240969951619271,220.65,170.28785046728808,1754048118.3966024,1.1932209381201286,-0.9041309216605878,0.0,1754048118.3966024,map,base_link,0.058679819107055664,53.27074694633484
1754048118.4696844,1.4152174854006083,-1.689372454767972,0.0,0.0,0.0,0.9963187760764114,0.08572570464919886,0.054266049442964225,0.0,0.0,0.0,0.0,-0.051205928889556884,220.38,170.16448598130668,1754048118.458982,1.175360333399683,-0.8890817937536165,0.0,1754048118.458982,map,base_link,0.041518449783325195,53.312265396118164
1754048118.519415,1.4123543964183354,-1.6888707924439654,0.0,0.0,0.0,0.9962259100258305,0.08679824994322109,0.06197703743610442,0.0,0.0,0.0,0.0,-0.03380841327467323,220.16,170.0411214953254,1754048118.4967024,1.1724856032659674,-0.8886518283293676,0.0,1754048118.4967024,map,base_link,0.049730539321899414,53.36199593544006
1754048118.573093,1.4063140703740202,-1.6877893617381476,0.0,0.0,0.0,0.9959403846907431,0.09001527727033146,0.08531280953771621,0.0,0.0,0.0,0.0,-0.051551670063329044,219.69,169.67102803738143,1754048118.559055,1.1676964668275143,-0.887921468059484,0.0,1754048118.5465631,map,base_link,0.053678035736083984,53.41567397117615
1754048118.6197846,1.4025023984086822,-1.6870883107485364,0.0,0.0,0.0,0.9957442629209672,0.09215944259803127,0.09570406922790511,0.0,0.0,0.0,0.0,-0.08631847240297144,219.39,169.42429906541886,1754048118.596529,1.1625921422734429,-0.8871160759514944,0.0,1754048118.596529,map,base_link,0.0466916561126709,53.46236562728882
1754048118.669036,1.3961543194480264,-1.6858945975287718,0.0,0.0,0.0,0.9955435249716986,0.09430318068297013,0.10327378740988913,0.0,0.0,0.0,0.0,-0.10372444404535204,218.89,169.17757009345618,1754048118.6590807,1.1562162179268904,-0.8860813554729079,0.0,1754048118.6590807,map,base_link,0.04925131797790527,53.511616945266724
1754048118.719439,1.39235081890703,-1.6851505063159198,0.0,0.0,0.0,0.9951282042784911,0.09858933537389115,0.10181143767850662,0.0,0.0,0.0,0.0,-0.13292801686678546,218.59,168.68411214953105,1754048118.6987598,1.1523953122625703,-0.8854325350025389,0.0,1754048118.6987598,map,base_link,0.05040311813354492,53.56202006340027
1754048118.7692618,1.3853934042807474,-1.6837086297942934,0.0,0.0,0.0,0.9944706258528285,0.10501511470204487,0.10902408412025721,0.0,0.0,0.0,0.0,-0.20873480224751736,218.04,167.94392523364323,1754048118.759265,1.1454040416216618,-0.8841649542314647,0.0,1754048118.759265,map,base_link,0.04982280731201172,53.61184287071228
1754048118.8194683,1.381287655454597,-1.6828306586635007,0.0,0.0,0.0,0.994356994704093,0.10608565917712136,0.11201132283418898,0.0,0.0,0.0,0.0,-0.16472968755003453,217.71,167.82056074766194,1754048118.7965357,1.1412776367721778,-0.8833898479496576,0.0,1754048118.7965357,map,base_link,0.05020642280578613,53.662049293518066
1754048118.8693004,1.3740317102330082,-1.6812400499097173,0.0,0.0,0.0,0.9940091871669791,0.1092965499347601,0.11381998233840543,0.0,0.0,0.0,0.0,-0.11009602237117415,217.13,167.45046728971778,1754048118.8589187,1.1339842123590524,-0.8819810407959507,0.0,1754048118.8589187,map,base_link,0.04983210563659668,53.71188139915466
1754048118.9341848,1.3702517438155886,-1.6803843743482538,0.0,0.0,0.0,0.9937715550801559,0.11143651247938698,0.11280662588151244,0.0,0.0,0.0,0.0,-0.12499790812003111,216.82,167.2037383177551,1754048118.8966434,1.1306217209331746,-0.8840282594203965,0.0,1754048118.8966434,map,base_link,0.06488442420959473,53.77676582336426
1754048118.9693823,1.3633282139285958,-1.678787616773836,0.0,0.0,0.0,0.9935293159591339,0.11357595841451427,0.11174375027934233,0.0,0.0,0.0,0.0,-0.08520263507484285,216.26,166.95700934579264,1754048118.95889,1.1233339058143919,-0.8889789850451333,0.0,1754048118.95889,map,base_link,0.03519749641418457,53.81196331977844
1754048119.0191548,1.358925530421503,-1.6777577038454101,0.0,0.0,0.0,0.9932824709269109,0.11571487782187036,0.11384313909000987,0.0,0.0,0.0,0.0,-0.0685542284673049,215.91,166.71028037382985,1754048118.9964995,1.1188648091461293,-0.8882923136000525,0.0,1754048118.9964995,map,base_link,0.04977250099182129,53.861735820770264
1754048119.0690045,1.3513818926334846,-1.6759758925393515,0.0,0.0,0.0,0.9932824709269109,0.11571487782187036,0.11891481678704426,0.0,0.0,0.0,0.0,-0.034603152208710984,215.29,166.71028037382985,1754048119.0590234,1.1112060535763386,-0.8870986697128651,0.0,1754048119.0590234,map,base_link,0.049849748611450195,53.911585569381714
1754048119.1194017,1.3463493079996496,-1.6748029127723196,0.0,0.0,0.0,0.9935293159591339,0.11357595841451427,0.12663741880142285,0.0,0.0,0.0,0.0,0.016786000253997325,214.89,166.95700934579264,1754048119.0965912,1.1060978849785021,-0.8863180268965556,0.0,1754048119.0965912,map,base_link,0.05039715766906738,53.96198272705078
1754048119.1780715,1.3375271821250614,-1.6728162944904472,0.0,0.0,0.0,0.9942422111179623,0.10715608070130815,0.13946452639648985,0.0,0.0,0.0,0.0,0.13725061675571304,214.18,167.69719626168023,1754048119.15906,1.0971486390862781,-0.885018967580951,0.0,1754048119.15906,map,base_link,0.0586698055267334,54.020652532577515
1754048119.2193642,1.3318427327062898,-1.6715986562472471,0.0,0.0,0.0,0.9946944303126666,0.1028736618623038,0.14730084057374637,0.0,0.0,0.0,0.0,0.18887071378777956,213.73,168.19065420560548,1754048119.1966712,1.0913871038424356,-0.8842441645609289,0.0,1754048119.1966712,map,base_link,0.041292667388916016,54.06194519996643
1754048119.269031,1.3220212718361457,-1.6696556409511667,0.0,0.0,0.0,0.995644470911108,0.09323136566703186,0.15259348691561936,0.0,0.0,0.0,0.0,0.2730297114659642,212.97,169.30093457943718,1754048119.261076,1.0814448790711493,-0.8830657891276326,0.0,1754048119.261076,map,base_link,0.0496668815612793,54.11161208152771
1754048119.3189747,1.3166213939328977,-1.6686626604298143,0.0,0.0,0.0,0.9961318893718236,0.08787069464002718,0.15796619340756773,0.0,0.0,0.0,0.0,0.2939841285108219,212.55,169.91775700934372,1754048119.2965991,1.0759844223381354,-0.8824929855376848,0.0,1754048119.2965991,map,base_link,0.04994368553161621,54.161555767059326
1754048119.3694046,1.3064344291199372,-1.66692055826173,0.0,0.0,0.0,0.9966786921119595,0.08143454236375271,0.1601658783469634,0.0,0.0,0.0,0.0,0.24243038355731777,211.79,170.65794392523142,1754048119.3590012,1.0656933092708212,-0.8815431624487431,0.0,1754048119.3590012,map,base_link,0.0504298210144043,54.21198558807373
1754048119.4203527,1.3003757144117698,-1.6659474471260654,0.0,0.0,0.0,0.9969365006623058,0.07821517529991547,0.1627451791706685,0.0,0.0,0.0,0.0,0.22453489950965516,211.34,171.0280373831754,1754048119.3965209,1.0512360429982097,-0.875466473522824,0.0,1754048119.3965209,map,base_link,0.050948143005371094,54.2629337310791
1754048119.4693646,1.290477691918232,-1.6644413905114193,0.0,0.0,0.0,0.9973430717788455,0.07284776712251739,0.15972344240679365,0.0,0.0,0.0,0.0,0.17298105259735239,210.61,171.6448598130818,1754048119.4596338,1.0195975212890995,-0.8602923814322365,0.0,1754048119.4596338,map,base_link,0.049011945724487305,54.31194567680359
1754048119.5194144,1.285682757613007,-1.66375017444212,0.0,0.0,0.0,0.997573144421731,0.06962629911563802,0.15019256291903127,0.0,0.0,0.0,0.0,0.1733253100915884,210.26,172.01495327102577,1754048119.4964814,1.0147624321991864,-0.8599905733169024,0.0,1754048119.4964814,map,base_link,0.050049781799316406,54.361995458602905
1754048119.5804021,1.2763931792491636,-1.6625576718165036,0.0,0.0,0.0,0.9983277024072125,0.05780829184759127,0.14427636664011748,0.0,0.0,0.0,0.0,0.2757553454775954,209.6,173.37196261681993,1754048119.5594413,1.005406899068718,-0.8595520205437981,0.0,1754048119.5594413,map,base_link,0.06098771095275879,54.422983169555664
1754048119.619373,1.270612458710439,-1.6619426566031437,0.0,0.0,0.0,0.9987885431571285,0.04920819096513091,0.14976098255058795,0.0,0.0,0.0,0.0,0.37890366281595733,209.2,174.35887850467043,1754048119.5966368,0.9995953948666974,-0.8594057585549086,0.0,1754048119.5966368,map,base_link,0.038970947265625,54.46195411682129
1754048119.671019,1.261279952271176,-1.6611539407789313,0.0,0.0,0.0,0.9993793885841148,0.035225525876003326,0.15502433562889767,0.0,0.0,0.0,0.0,0.44793464678423345,208.57,175.96261682242746,1754048119.6591034,0.9902296762535001,-0.8593731403289777,0.0,1754048119.6591034,map,base_link,0.05164599418640137,54.51360011100769
1754048119.719058,1.2554777444666736,-1.6607945974922618,0.0,0.0,0.0,0.999645699433949,0.026617205022520418,0.15534406232428738,0.0,0.0,0.0,0.0,0.4513307916653204,208.19,176.94953271027774,1754048119.6965191,0.9739133687362851,-0.86036332486741,0.0,1754048119.6965191,map,base_link,0.04803895950317383,54.561639070510864
1754048119.769459,1.2470869920455978,-1.6604741762288024,0.0,0.0,0.0,0.9999333164253325,0.011548277041880037,0.14492245354060523,0.0,0.0,0.0,0.0,0.4864927107485969,207.66,178.67663551401597,1754048119.7590272,0.9358806994221535,-0.8599354543992125,0.0,1754048119.7590272,map,base_link,0.05040097236633301,54.6120400428772
1754048119.832182,1.2422429912567872,-1.6604092237635988,0.0,0.0,0.0,0.999998271112391,0.0018595085987441339,0.1372821489161292,0.0,0.0,0.0,0.0,0.5018016716257283,207.37,179.78691588784784,1754048119.7978747,0.9241452938884929,-0.8635110702143753,0.0,1754048119.7978747,map,base_link,0.06272292137145996,54.67476296424866
1754048119.8694649,1.2361074537257013,-1.660493833496501,0.0,-0.0,0.0,0.9998979159228074,-0.014288377557526752,0.11348956067203098,0.0,0.0,0.0,0.0,0.5179752389306905,207.01,-178.36261682243244,1754048119.8591533,0.9048712272783104,-0.8702594952485978,0.0,1754048119.8591533,map,base_link,0.03728294372558594,54.71204590797424
1754048119.9193408,1.23288034064971,-1.6606208643565126,0.0,-0.0,0.0,0.9996861537836436,-0.02505182494880057,0.100842361554067,0.0,0.0,0.0,0.0,0.5365539586447484,206.82,-177.12897196261937,1754048119.8965049,0.901644185806032,-0.870388332280638,0.0,1754048119.8965049,map,base_link,0.04987597465515137,54.761921882629395
1754048119.9691799,1.2277248259396074,-1.6609685304560198,0.0,-0.0,0.0,0.9991063602381766,-0.042266782839753346,0.08806320096230431,0.0,0.0,0.0,0.0,0.5519957179220002,206.55,-175.1551401869183,1754048119.9590724,0.896463111052125,-0.8711129491502257,0.0,1754048119.9590724,map,base_link,0.049839019775390625,54.811760902404785
1754048120.0196283,1.2245098758328374,-1.6612759250812346,0.0,-0.0,0.0,0.9985934459616989,-0.053020087536137975,0.0852396069617041,0.0,0.0,0.0,0.0,0.5682640464113646,206.38,-173.92149532710522,1754048119.9967978,0.8932434277761326,-0.8713660010163032,0.0,1754048119.9967978,map,base_link,0.05044841766357422,54.86220932006836
1754048120.0779665,1.2206617860946674,-1.6617360552626996,0.0,-0.0,0.0,0.9978251866164286,-0.06591583234617816,0.08020100484260659,0.0,0.0,0.0,0.0,0.5346733656173812,206.19,-172.4411214953295,1754048120.046514,0.8893881155506095,-0.8717610732383559,0.0,1754048120.046514,map,base_link,0.058338165283203125,54.92054748535156
1754048120.1194468,1.216507966322277,-1.6623465305329712,0.0,-0.0,0.0,0.9968049886906358,-0.07987374112598848,0.08279724898383357,0.0,0.0,0.0,0.0,0.5519816598922278,205.99,-170.83738317757243,1754048120.096605,0.8752082916900356,-0.8831317673355549,0.0,1754048120.096605,map,base_link,0.041480302810668945,54.96202778816223
1754048120.16945,1.2114216031674567,-1.6632570872308847,0.0,-0.0,0.0,0.9952813654869128,-0.09703094101628786,0.08327118686214896,0.0,0.0,0.0,0.0,0.5551412457476638,205.77,-168.86355140187146,1754048120.1591299,0.8700816114911724,-0.8837777965774755,0.0,1754048120.1591299,map,base_link,0.0500032901763916,55.01203107833862
1754048120.2199495,1.2079419953623993,-1.6639735961042397,0.0,-0.0,0.0,0.9945218953682754,-0.10452846326763392,0.08577536033209456,0.0,0.0,0.0,0.0,0.5032813592085352,205.62,-168.00000000000227,1754048120.196641,0.8668788705507557,-0.8908575136266584,0.0,1754048120.196641,map,base_link,0.05049943923950195,55.062530517578125
1754048120.270745,1.2022737088837872,-1.6652637330123217,0.0,-0.0,0.0,0.993088573093501,-0.11736731227694583,0.09116918742089553,0.0,0.0,0.0,0.0,0.4359404309096808,205.39,-166.5196261682265,1754048120.2589493,0.8609585765843348,-0.9069242797986607,0.0,1754048120.2589493,map,base_link,0.050795555114746094,55.11332607269287
1754048120.3281236,1.1981996864842928,-1.6662785996440421,0.0,-0.0,0.0,0.9921759136743649,-0.12484773255625953,0.0995299627227894,0.0,0.0,0.0,0.0,0.39465716700899545,205.24,-165.6560747663575,1754048120.2977297,0.8566874911984799,-0.9076885402319291,0.0,1754048120.2977297,map,base_link,0.057378530502319336,55.17070460319519
1754048120.3689673,1.190092766079396,-1.6684664839467063,0.0,-0.0,0.0,0.9904802959430132,-0.13765457983169685,0.12164669884737149,0.0,0.0,0.0,0.0,0.39994326362211724,204.94,-164.17570093458187,1754048120.3589883,0.8483592736032637,-0.9087608218460128,0.0,1754048120.3589883,map,base_link,0.04084372520446777,55.21154832839966
1754048120.4196892,1.1851295838966038,-1.6699049984754917,0.0,-0.0,0.0,0.9895704801718967,-0.14404952194423198,0.1293997438878513,0.0,0.0,0.0,0.0,0.38302444075807673,204.77,-163.43551401869385,1754048120.3965623,0.8406246426074516,-0.9072956585983101,0.0,1754048120.3965623,map,base_link,0.05072188377380371,55.26227021217346
1754048120.4749544,1.1749490761033485,-1.6730582118093742,0.0,-0.0,0.0,0.9877952793228894,-0.15575778037521928,0.1548370013032146,0.0,0.0,0.0,0.0,0.3787188766214744,204.44,-162.07850467289947,1754048120.4591973,0.8227171526590934,-0.9017310765431501,0.0,1754048120.4591973,map,base_link,0.055265188217163086,55.317535400390625
1754048120.518979,1.1688238646471856,-1.6751085677651238,0.0,-0.0,0.0,0.9864172029259155,-0.16425925170842964,0.15906738055841277,0.0,0.0,0.0,0.0,0.39014717263350546,204.26,-161.09158878504888,1754048120.499197,0.8163262145059553,-0.9026681381477164,0.0,1754048120.499197,map,base_link,0.04402470588684082,55.361560106277466
1754048120.5692205,1.1590909684177562,-1.6785836012000857,0.0,-0.0,0.0,0.9842129343498012,-0.1769884173005512,0.1660716828407017,0.0,0.0,0.0,0.0,0.4175089570932594,203.99,-159.61121495327305,1754048120.5589776,0.8061327737170751,-0.9043707512190089,0.0,1754048120.5589776,map,base_link,0.05024147033691406,55.41180157661438
1754048120.6247718,1.153350642570446,-1.6807523685831125,0.0,-0.0,0.0,0.9832459887887736,-0.18228364032679126,0.17090437282039975,0.0,0.0,0.0,0.0,0.38179609527428804,203.84,-158.9943925233665,1754048120.596593,0.8101141787989172,-0.9259338201986904,0.0,1754048120.596593,map,base_link,0.05555129051208496,55.467352867126465
1754048120.6697297,1.1458274726138458,-1.6836839185153016,0.0,-0.0,0.0,0.9826521449365745,-0.18545824880966955,0.147156662193558,0.0,0.0,0.0,0.0,0.22094189155608918,203.66,-158.62429906542243,1754048120.6591277,0.8021421702796994,-0.9272141136690836,0.0,1754048120.6591277,map,base_link,0.044957876205444336,55.51231074333191
1754048120.7196426,1.141913300713626,-1.6852028829043717,0.0,-0.0,0.0,0.9832459887887737,-0.1822836403267904,0.1309311786441292,0.0,0.0,0.0,0.0,0.05055214818508717,203.57,-158.9943925233666,1754048120.69804,0.7979957967651558,-0.9278740993944038,0.0,1754048120.69804,map,base_link,0.04991292953491211,55.56222367286682
1754048120.7689285,1.1364663670994093,-1.6872340425082988,0.0,-0.0,0.0,0.9851513629605044,-0.17168806614631188,0.10479127620062971,0.0,0.0,0.0,0.0,-0.2445008441973743,203.43,-160.22803738317978,1754048120.7590969,0.7922431443345311,-0.9287117658833695,0.0,1754048120.7590969,map,base_link,0.049285888671875,55.611509561538696
1754048120.8194137,1.1343331928764613,-1.687982749593873,0.0,-0.0,0.0,0.9864172029259156,-0.16425925170842878,0.08589658698811363,0.0,0.0,0.0,0.0,-0.33046542771306164,203.37,-161.09158878504897,1754048120.7965543,0.7701336490367096,-0.949949166556447,0.0,1754048120.7965543,map,base_link,0.05048513412475586,55.66199469566345
1754048120.8838227,1.1315743839147971,-1.6888979848643613,0.0,-0.0,0.0,0.9879623891946231,-0.15469427118304047,0.056792572366686535,0.0,0.0,0.0,0.0,-0.3440553512110246,203.29,-162.20186915888075,1754048120.8594737,0.7672326851815628,-0.9501310764199447,0.0,1754048120.8594737,map,base_link,0.06440901756286621,55.72640371322632
1754048120.919487,1.1303426585295135,-1.6892875616044472,0.0,-0.0,0.0,0.9886193765027909,-0.15043845387145188,0.04661848895748045,0.0,0.0,0.0,0.0,-0.3107899263832028,203.26,-162.69532710280592,1754048120.8965507,0.7659423465139268,-0.9501938743814601,0.0,1754048120.8965507,map,base_link,0.03566431999206543,55.762068033218384
1754048120.969098,1.1284888937686477,-1.6898520006937086,0.0,-0.0,0.0,0.9895704801718967,-0.14404952194423198,0.033348226669612915,0.0,0.0,0.0,0.0,-0.22232151113075252,203.2,-163.43551401869385,1754048120.959054,0.7640059440874182,-0.950267229113592,0.0,1754048120.959054,map,base_link,0.04961109161376953,55.81167912483215
1754048121.0231702,1.1275595110357621,-1.6901258953461944,0.0,-0.0,0.0,0.9897249843953811,-0.14298410843014217,0.030517899758420074,0.0,0.0,0.0,0.0,-0.1718537043243585,203.17,-163.55887850467514,1754048120.997729,0.7633602859736869,-0.9502861209030453,0.0,1754048120.9841015,map,base_link,0.05407214164733887,55.86575126647949
1754048121.069537,1.1257009419064228,-1.6906743517451381,0.0,-0.0,0.0,0.9897249843953813,-0.14298410843014128,0.028224468196409058,0.0,0.0,0.0,0.0,-0.0628967539701378,203.12,-163.55887850467525,1754048121.0590348,0.7510175246137741,-0.9593265599683679,0.0,1754048121.0590348,map,base_link,0.04636669158935547,55.91211795806885
1754048121.124709,1.1250818140886554,-1.6908585039778228,0.0,-0.0,0.0,0.9894148290584802,-0.1451147685081654,0.025683398839717275,0.0,0.0,0.0,0.0,0.023356589893751098,203.1,-163.31214953271254,1754048121.0965743,0.7503728640755732,-0.9593671073483393,0.0,1754048121.0965743,map,base_link,0.055171966552734375,55.96728992462158
1754048121.1691384,1.1232292689268868,-1.6914269331270764,0.0,-0.0,0.0,0.9884568478846085,-0.15150267281478522,0.025573216051152797,0.0,0.0,0.0,0.0,0.13624281868965,203.04,-162.57196261682472,1754048121.1589127,0.7484400137598927,-0.9595054002667649,0.0,1754048121.1589127,map,base_link,0.04442954063415527,56.01171946525574
1754048121.221492,1.1210751218322559,-1.692112999046659,0.0,-0.0,0.0,0.9876270246186408,-0.1568211090476361,0.03582930902012925,0.0,0.0,0.0,0.0,0.2060632478209669,202.98,-161.95514018691787,1754048121.1965213,0.7461868572743519,-0.9596906622514928,0.0,1754048121.1965213,map,base_link,0.052353620529174805,56.06407308578491
1754048121.2780666,1.1180113152552822,-1.6931345457945501,0.0,-0.0,0.0,0.9862397966930825,-0.16532109187513636,0.04927136544082137,0.0,0.0,0.0,0.0,0.26326077228076106,202.9,-160.9682242990676,1754048121.2591465,0.7429719628858565,-0.9599987573180808,0.0,1754048121.2591465,map,base_link,0.05657458305358887,56.1206476688385
1754048121.319458,1.1152719037404848,-1.6941063491780628,0.0,-0.0,0.0,0.9849659599114324,-0.17274853925793537,0.059561254170160984,0.0,0.0,0.0,0.0,0.33007388191973097,202.83,-160.1046728971984,1754048121.2965665,0.7400843538618656,-0.960331159767196,0.0,1754048121.2965665,map,base_link,0.04139137268066406,56.162039041519165
1754048121.3692796,1.1095215824479356,-1.6962484154677377,0.0,-0.0,0.0,0.9836361872726578,-0.18016617631428192,0.0829690569099529,0.0,0.0,0.0,0.0,0.3054451296127264,202.69,-159.2411214953293,1754048121.359033,0.7340000321207493,-0.961128450120507,0.0,1754048121.359033,map,base_link,0.04982161521911621,56.21186065673828
1754048121.4202979,1.1056051657435622,-1.697761537829175,0.0,-0.0,0.0,0.9826521449365747,-0.18545824880966869,0.09918193395501056,0.0,0.0,0.0,0.0,0.2760247310784093,202.6,-158.62429906542255,1754048121.396588,0.7314416975222612,-0.9614898279378329,0.0,1754048121.384024,map,base_link,0.05101823806762695,56.26287889480591
1754048121.469067,1.0972192174764448,-1.701145408158771,0.0,-0.0,0.0,0.9805986744190661,-0.1960261200135595,0.1266450308458585,0.0,0.0,0.0,0.0,0.3031624452067665,202.43,-157.3906542056095,1754048121.4611142,0.7209126021061678,-0.9631403887182858,0.0,1754048121.4611142,map,base_link,0.048769235610961914,56.31164813041687
1754048121.5204654,1.0924626856705664,-1.703164687879522,0.0,-0.0,0.0,0.9788740595107323,-0.20446411816497145,0.1368039607539409,0.0,0.0,0.0,0.0,0.3578891698667553,202.34,-156.40373831775898,1754048121.4968126,0.7158242824869211,-0.9640409934392141,0.0,1754048121.4968126,map,base_link,0.051398277282714844,56.363046407699585
1754048121.5708838,1.0824662303975248,-1.7077080508017612,0.0,-0.0,0.0,0.9761510402624867,-0.2170924839658554,0.16522329988338985,0.0,0.0,0.0,0.0,0.4270359143857241,202.19,-154.92336448598337,1754048121.5589635,0.7209764902359661,-0.9664074858922213,0.0,1754048121.5589635,map,base_link,0.05041837692260742,56.41346478462219
1754048121.6189783,1.0757651439203924,-1.710913217591316,0.0,-0.0,0.0,0.9744873492142233,-0.22444243409265632,0.17837240395484383,0.0,0.0,0.0,0.0,0.4496798899775965,202.1,-154.05981308411413,1754048121.5965378,0.7378137391363018,-0.9680013129102117,0.0,1754048121.5965378,map,base_link,0.04809451103210449,56.4615592956543
1754048121.6690454,1.0645016232739233,-1.7165503869866112,0.0,-0.0,0.0,0.9717612040418155,-0.23596644320581045,0.2015416338927576,0.0,0.0,0.0,0.0,0.3683215804090641,201.98,-152.70280373831977,1754048121.660192,0.7255227035245743,-0.970753588284505,0.0,1754048121.660192,map,base_link,0.05006718635559082,56.51162648200989
1754048121.7196696,1.057062391882914,-1.7204451585542384,0.0,-0.0,0.0,0.9702167525215539,-0.24223842206910465,0.2112600422989773,0.0,0.0,0.0,0.0,0.37892289626127607,201.92,-151.96261682243176,1754048121.696737,0.7118005712324476,-0.9729540422486862,0.0,1754048121.696737,map,base_link,0.05062413215637207,56.56225061416626
1754048121.7866676,1.044301453668579,-1.7274004878826508,0.0,-0.0,0.0,0.9678241950875935,-0.2516273582165733,0.22141728589875384,0.0,0.0,0.0,0.0,0.34062629491020757,201.85,-150.85233644860006,1754048121.7601855,0.6832189268951687,-0.9762424925584167,0.0,1754048121.7601855,map,base_link,0.06699800491333008,56.62924861907959
1754048121.8194964,1.0369905213993544,-1.731531015792477,0.0,-0.0,0.0,0.9661786670811048,-0.2578735800297885,0.23097050617938128,0.0,0.0,0.0,0.0,0.3249357437284683,201.83,-150.11214953271227,1754048121.7965522,0.6750677609400192,-0.9782597890241489,0.0,1754048121.7965522,map,base_link,0.03282880783081055,56.6620774269104
1754048121.868921,1.0233442929143712,-1.7395445274757828,0.0,-0.0,0.0,0.9636348121360878,-0.2672226577957916,0.24063609923242152,0.0,0.0,0.0,0.0,0.3262616707855875,201.82,-149.00186915888045,1754048121.8590884,0.6638906591914376,-0.9907048467612622,0.0,1754048121.8590884,map,base_link,0.04942464828491211,56.71150207519531
1754048121.919645,1.0158898910642216,-1.744069087964153,0.0,-0.0,0.0,0.9621824549684097,-0.2724058063826177,0.24050229487365943,0.0,0.0,0.0,0.0,0.32770038792246214,201.84,-148.38504672897383,1754048121.896639,0.6613309301296445,-1.0046172952038925,0.0,1754048121.896639,map,base_link,0.050724029541015625,56.76222610473633
1754048121.9695272,1.001968097572116,-1.7528711461233997,0.0,-0.0,0.0,0.9588891968625877,-0.28378073955119226,0.2520665091478703,0.0,0.0,0.0,0.0,0.34259557120963985,201.9,-147.0280373831795,1754048121.959562,0.6454315506449587,-1.0089187244869975,0.0,1754048121.959562,map,base_link,0.04988217353820801,56.812108278274536
1754048122.027994,0.9938739029956958,-1.7581965471422805,0.0,-0.0,0.0,0.957036166774202,-0.2899685767219299,0.2557530474581315,0.0,0.0,0.0,0.0,0.3612937401360088,201.97,-146.28785046729166,1754048121.996693,0.6361262397297247,-1.0116181819553924,0.0,1754048121.996693,map,base_link,0.05846667289733887,56.870574951171875
1754048122.069026,0.9805165777490423,-1.7672710422370546,0.0,-0.0,0.0,0.9545033595325089,-0.29820016204079103,0.2587297597426576,0.0,0.0,0.0,0.0,0.31107523489408073,202.11,-145.30093457944128,1754048122.0590007,0.6240737774764036,-1.0199514091795527,0.0,1754048122.0590007,map,base_link,0.04103207588195801,56.91160702705383
1754048122.11973,0.9728335157336783,-1.7726276538568424,0.0,-0.0,0.0,0.9535352935788992,-0.30128133679237834,0.2556785304714801,0.0,0.0,0.0,0.0,0.25885498012327146,202.2,-144.93084112149722,1754048122.0965595,0.621613255515417,-1.0288265144604343,0.0,1754048122.0965595,map,base_link,0.050704002380371094,56.962311029434204
1754048122.1715274,0.9589032083637625,-1.782574638332984,0.0,-0.0,0.0,0.9512378112887631,-0.30845846782762104,0.26052027258748517,0.0,0.0,0.0,0.0,0.22409838671474142,202.41,-144.06728971962798,1754048122.1591392,0.6051895719023461,-1.0336492294806976,0.0,1754048122.1591392,map,base_link,0.05179738998413086,57.014108419418335
1754048122.2202284,0.9510870383298208,-1.7883003804410853,0.0,-0.0,0.0,0.9499007016920624,-0.3125518467789425,0.26614884858581955,0.0,0.0,0.0,0.0,0.2220351209724432,202.55,-143.57383177570287,1754048122.196907,0.5959269288616811,-1.0364917777369622,0.0,1754048122.196907,map,base_link,0.04870104789733887,57.062809467315674
1754048122.2826014,0.9371629812356538,-1.798801458792217,0.0,-0.0,0.0,0.9464809189058232,-0.32275977157506547,0.2730985141879633,0.0,0.0,0.0,0.0,0.29259065676997087,202.83,-142.34018691588946,1754048122.2592466,0.5793272521329378,-1.04183993115655,0.0,1754048122.2592466,map,base_link,0.06237292289733887,57.12518239021301
1754048122.319383,0.9292867925998364,-1.804982381100761,0.0,-0.0,0.0,0.9440217789552011,-0.329883132121449,0.2771281530394264,0.0,0.0,0.0,0.0,0.332224387438041,203.02,-141.47663551402036,1754048122.2965097,0.5725918294828286,-1.045160711334387,0.0,1754048122.2965097,map,base_link,0.03678154945373535,57.16196393966675
1754048122.3704093,0.9155227457034784,-1.8162106065815071,0.0,-0.0,0.0,0.940781272647938,-0.33901415462326373,0.27898962370711156,0.0,0.0,0.0,0.0,0.34271931916886866,203.39,-140.36635514018857,1754048122.3593063,0.5627406270224198,-1.0499527721383128,0.0,1754048122.3593063,map,base_link,0.051026344299316406,57.212990283966064
1754048122.4273708,0.9073313308069734,-1.8230291003549899,0.0,-0.0,0.0,0.9396814625707199,-0.34205079871409844,0.2803110093840012,0.0,0.0,0.0,0.0,0.2749086128179827,203.63,-139.99626168224464,1754048122.3965907,0.5526399800950159,-1.0533539582540137,0.0,1754048122.3965907,map,base_link,0.0569615364074707,57.269951820373535
1754048122.4690232,0.8948731711301898,-1.8338031967093495,0.0,-0.0,0.0,0.934802505113941,-0.3551679552446985,0.27801874629770845,0.0,0.0,0.0,0.0,0.31276037410502694,204.05,-138.3925233644875,1754048122.4590745,0.5371322536730864,-1.0589034912080417,0.0,1754048122.4590745,map,base_link,0.04165244102478027,57.311604261398315
1754048122.5297816,0.8874393187166025,-1.8405096400902363,0.0,-0.0,0.0,0.9320994740033377,-0.36220238895222817,0.270521110364608,0.0,0.0,0.0,0.0,0.379805138401526,204.33,-137.52897196261839,1754048122.4965444,0.527738276438984,-1.0682273621471823,0.0,1754048122.4965444,map,base_link,0.060758352279663086,57.37236261367798
1754048122.569327,0.8753982408765093,-1.851748412843053,0.0,-0.0,0.0,0.928546390149968,-0.37121638075314434,0.265891038482856,0.0,0.0,0.0,0.0,0.3607419616979579,204.82,-136.41869158878663,1754048122.5591626,0.5120549901094374,-1.087515757198654,0.0,1754048122.5591626,map,base_link,0.039545536041259766,57.41190814971924
1754048122.6189609,0.8684098427873569,-1.8584595050509014,0.0,-0.0,0.0,0.9269392415882914,-0.3752114635825018,0.26676503603650026,0.0,0.0,0.0,0.0,0.29427145088017953,205.13,-135.92523364486124,1754048122.5966184,0.5029782156980782,-1.090905245767746,0.0,1754048122.5966184,map,base_link,0.04963374137878418,57.46154189109802
1754048122.678275,0.8559623891491188,-1.8706748764014012,0.0,-0.0,0.0,0.9236734081774418,-0.38318068195809274,0.2688044412459494,0.0,0.0,0.0,0.0,0.2761263444630675,205.72,-134.9383177570108,1754048122.659127,0.5053930713758624,-1.0881190170513046,0.0,1754048122.646707,map,base_link,0.05931425094604492,57.52085614204407
1754048122.719073,0.8484764484898704,-1.8782611252823718,0.0,-0.0,0.0,0.9215974551258749,-0.38814704778667447,0.27779035508976035,0.0,0.0,0.0,0.0,0.27434312774747893,206.1,-134.32149532710423,1754048122.6977398,0.4966270311383917,-1.0907249575796776,0.0,1754048122.6977398,map,base_link,0.04079794883728027,57.56165409088135
1754048122.7698185,0.8370268049573792,-1.890102153043735,0.0,-0.0,0.0,0.920339062114178,-0.39112147824786503,0.27155800765149546,0.0,0.0,0.0,0.0,0.22290758566985067,206.71,-133.95140186916038,1754048122.7589533,0.4812703757426725,-1.0966812492551758,0.0,1754048122.7589533,map,base_link,0.050745487213134766,57.61239957809448
1754048122.8248465,0.8296701357229807,-1.8978138039622499,0.0,-0.0,0.0,0.9182204139263118,-0.3960697810348482,0.26628413342030716,0.0,0.0,0.0,0.0,0.179089750658044,207.12,-133.33457943925382,1754048122.8016949,0.47136000177405796,-1.1006022988487905,0.0,1754048122.8016949,map,base_link,0.05502796173095703,57.66742753982544
1754048122.8690999,0.8195305916940112,-1.90867208646853,0.0,-0.0,0.0,0.9156429231438478,-0.40199258363381485,0.2577979404174321,0.0,0.0,0.0,0.0,0.17945848708681747,207.72,-132.5943925233661,1754048122.8595057,0.45760461969747285,-1.1062149734366113,0.0,1754048122.8595057,map,base_link,0.04425334930419922,57.71168088912964
1754048122.9393373,0.8130022813576848,-1.9158315299264634,0.0,-0.0,0.0,0.9139033651321962,-0.4059318159494865,0.2575596918322522,0.0,0.0,0.0,0.0,0.23090729227844342,208.12,-132.1009345794407,1754048122.8978422,0.448677736992658,-1.1099815676076372,0.0,1754048122.8978422,map,base_link,0.07023739814758301,57.78191828727722
1754048122.969424,0.8025051722730442,-1.9276741164795794,0.0,-0.0,0.0,0.9099274465302757,-0.414767455390237,0.25746211173241396,0.0,0.0,0.0,0.0,0.29419600003228064,208.8,-130.990654205609,1754048122.959639,0.4336956132444445,-1.1251846085754806,0.0,1754048122.959639,map,base_link,0.030086755752563477,57.812005043029785
1754048123.01957,0.7966177429997101,-1.934538111532575,0.0,-0.0,0.0,0.9072293547803271,-0.42063630112589123,0.2505563206432036,0.0,0.0,0.0,0.0,0.31311977693016674,209.21,-130.25046728972094,1754048122.9965305,0.425360195311248,-1.128691324904898,0.0,1754048122.9965305,map,base_link,0.05014610290527344,57.86215114593506
1754048123.0839787,0.7889688707515762,-1.9437190011623726,0.0,-0.0,0.0,0.9040337478679225,-0.42746108912493735,0.24648130160801401,0.0,0.0,0.0,0.0,0.31850458616769467,209.77,-129.38691588785176,1754048123.04666,0.4144131960498646,-1.1334826909140936,0.0,1754048123.04666,map,base_link,0.06440854072570801,57.92655968666077
1754048123.1192694,0.781255053670208,-1.9532644606297103,0.0,-0.0,0.0,0.9012537870244703,-0.43329160085795654,0.2403093070461916,0.0,0.0,0.0,0.0,0.2925666904100477,210.37,-128.64672897196417,1754048123.0966475,0.3929238261798546,-1.1579301233284256,0.0,1754048123.0966475,map,base_link,0.03529071807861328,57.96185040473938
1754048123.1704588,0.7712831006048325,-1.9659657204516077,0.0,-0.0,0.0,0.8974886991969439,-0.4410374528470089,0.2506133525027826,0.0,0.0,0.0,0.0,0.2581521627478424,211.18,-127.65981308411355,1754048123.1590688,0.37800508075996897,-1.1641101624948096,0.0,1754048123.1590688,map,base_link,0.051189422607421875,58.0130398273468
1754048123.2338445,0.7656101486390146,-1.973418176249745,0.0,-0.0,0.0,0.8941396291292923,-0.44778825757329943,0.2563563091513702,0.0,0.0,0.0,0.0,0.29304366526245423,211.67,-126.79626168224422,1754048123.1966598,0.35942958476883113,-1.1879897077973998,0.0,1754048123.1966598,map,base_link,0.0633857250213623,58.076425552368164
1754048123.2696364,0.7559132171307549,-1.9867321093757517,0.0,-0.0,0.0,0.888774286913175,-0.45834513952040257,0.25851865353047254,0.0,0.0,0.0,0.0,0.35896841720339084,212.57,-125.43925233644977,1754048123.2600603,0.34413349198710697,-1.1940987864163528,0.0,1754048123.2600603,map,base_link,0.035791873931884766,58.11221742630005
1754048123.319154,0.7507305359280555,-1.994142599040254,0.0,-0.0,0.0,0.8847938918350753,-0.4659825844077663,0.25496871484033745,0.0,0.0,0.0,0.0,0.41673574462472596,213.08,-124.45233644859927,1754048123.296551,0.3358014062500379,-1.1976133118162666,0.0,1754048123.296551,map,base_link,0.04951763153076172,58.16173505783081
1754048123.3690794,0.7419760633210509,-2.007325365525396,0.0,-0.0,0.0,0.8781859090581177,-0.4783194634674274,0.257216019500057,0.0,0.0,0.0,0.0,0.43387483431072216,214.01,-122.84859813084235,1754048123.3591483,0.32137297158976674,-1.2041130345859594,0.0,1754048123.3591483,map,base_link,0.04992532730102539,58.211660385131836
1754048123.420089,0.73660894438776,-2.0157771056761344,0.0,-0.0,0.0,0.8745564359612793,-0.48492374691151674,0.2601331472324475,0.0,0.0,0.0,0.0,0.4469295264603801,214.61,-121.98504672897303,1754048123.3965776,0.3123304795117709,-1.2084108496400394,0.0,1754048123.3965776,map,base_link,0.0510096549987793,58.262670040130615
1754048123.4691803,0.7283818143482476,-2.0292955098756216,0.0,-0.0,0.0,0.8687527134612394,-0.4952461235120712,0.2581539499815822,0.0,0.0,0.0,0.0,0.3787663940440916,215.61,-120.62803738317847,1754048123.459187,0.2876606212846893,-1.2045446283620045,0.0,1754048123.459187,map,base_link,0.049091339111328125,58.31176137924194
1754048123.5193713,0.7236638600029242,-2.0373863929068556,0.0,-0.0,0.0,0.8649959516793306,-0.5017788393090815,0.25603250064562233,0.0,0.0,0.0,0.0,0.3966088169010002,216.21,-119.76448598130936,1754048123.4965239,0.27913060302706294,-1.2084124791805118,0.0,1754048123.4965239,map,base_link,0.05019092559814453,58.36195230484009
1754048123.5690346,0.7163063224675416,-2.050662958383252,0.0,-0.0,0.0,0.8578889463217687,-0.5138351445540927,0.25046826790612087,0.0,0.0,0.0,0.0,0.4304055571531154,217.22,-118.16074766355233,1754048123.5590842,0.30544742388617185,-1.2349732307063257,0.0,1754048123.5590842,map,base_link,0.04966330528259277,58.41161561012268
1754048123.6310852,0.7119484410990897,-2.058953310922249,0.0,-0.0,0.0,0.8539924091952846,-0.5202854649486507,0.24379079340473137,0.0,0.0,0.0,0.0,0.42884766112772993,217.86,-117.29719626168325,1754048123.5976212,0.2971104577753251,-1.2392412596786917,0.0,1754048123.5976212,map,base_link,0.062050580978393555,58.473666191101074
1754048123.6693847,0.7051380809040488,-2.0725189314265093,0.0,-0.0,0.0,0.8477713799428256,-0.5303618456769277,0.24606790879433788,0.0,0.0,0.0,0.0,0.39806453067862635,218.92,-115.9401869158887,1754048123.658974,0.2837305844853172,-1.2464096665027449,0.0,1754048123.658974,map,base_link,0.038299560546875,58.51196575164795
1754048123.719533,0.7013998287920085,-2.0803969777282623,0.0,-0.0,0.0,0.842592978768775,-0.5385509002216621,0.24112657306064939,0.0,0.0,0.0,0.0,0.43287600786029046,219.55,-114.82990654205699,1754048123.6965802,0.2761376254174308,-1.2506974532254187,0.0,1754048123.6965802,map,base_link,0.05014824867248535,58.562114000320435
1754048123.769207,0.6948958394830994,-2.0948237229298727,0.0,-0.0,0.0,0.8373354779545072,-0.5466893975180942,0.2501396192382437,0.0,0.0,0.0,0.0,0.4029862798070763,220.71,-113.7196261682252,1754048123.7589834,0.2723483695135376,-1.2586358352179376,0.0,1754048123.7589834,map,base_link,0.049674034118652344,58.61178803443909
1754048123.8199434,0.6906630835551594,-2.1046050447675544,0.0,-0.0,0.0,0.8343806466795273,-0.5511886577630694,0.25974107241553485,0.0,0.0,0.0,0.0,0.3470962557935747,221.5,-113.1028037383187,1754048123.7966044,0.26288951705663244,-1.263547106930673,0.0,1754048123.7966044,map,base_link,0.050736427307128906,58.662524461746216
1754048123.8771956,0.6843070262971628,-2.1201496390461876,0.0,-0.0,0.0,0.827190579427309,-0.561921476103835,0.27520214430460743,0.0,0.0,0.0,0.0,0.35497056147823075,222.78,-111.62242990654285,1754048123.858909,0.23814602605537027,-1.281674526624395,0.0,1754048123.858909,map,base_link,0.05725216865539551,58.71977663040161
1754048123.923366,0.680516831657694,-2.1297644791305177,0.0,-0.0,0.0,0.8247631525954159,-0.5654783303725004,0.2761940269885842,0.0,0.0,0.0,0.0,0.3274884823597923,223.58,-111.1289719626176,1754048123.8967016,0.2289478286778408,-1.286386627032525,0.0,1754048123.8967016,map,base_link,0.04617047309875488,58.765947103500366
1754048123.9691386,0.674867069742585,-2.1452357853638624,0.0,-0.0,0.0,0.8155244598118974,-0.5787226066506413,0.27680702254764306,0.0,0.0,0.0,0.0,0.3975228007376284,224.89,-109.27850467289788,1754048123.9589639,0.21448400165396142,-1.2942656392857617,0.0,1754048123.9589639,map,base_link,0.045772552490234375,58.8117196559906
1754048124.0263233,0.671624292150637,-2.1547079929836723,0.0,-0.0,0.0,0.8111401443260028,-0.5848518327429533,0.2645363364551685,0.0,0.0,0.0,0.0,0.4482054441595995,225.7,-108.41495327102866,1754048123.9965935,0.20579092977927949,-1.2992324113849458,0.0,1754048123.9965935,map,base_link,0.057184696197509766,58.86890435218811
1754048124.0692124,0.6669900303989288,-2.169500802692331,0.0,-0.0,0.0,0.8009462806486057,-0.5987362153028367,0.25826021711002245,0.0,0.0,0.0,0.0,0.4818286807005796,226.97,-106.44112149532789,1754048124.0591326,0.19253765135858603,-1.3072731956852195,0.0,1754048124.0591326,map,base_link,0.04288911819458008,58.91179347038269
1754048124.1241827,0.6644390690400486,-2.1785126137275097,0.0,-0.0,0.0,0.79510760681373,-0.606468378060178,0.2536251705170937,0.0,0.0,0.0,0.0,0.5169790863473857,227.76,-105.33084112149601,1754048124.096484,0.19428484754754272,-1.331874921783343,0.0,1754048124.096484,map,base_link,0.05497026443481445,58.966763734817505
1754048124.1689901,0.6605264050171761,-2.1938458628264472,0.0,-0.0,0.0,0.7838757967500135,-0.6209176557882143,0.24807978386381607,0.0,0.0,0.0,0.0,0.551297373217005,229.11,-103.23364485981362,1754048124.1590574,0.19288545475210217,-1.340098694196156,0.0,1754048124.1590574,map,base_link,0.04480743408203125,59.011571168899536
1754048124.2200348,0.6586125408871236,-2.2023532282516216,0.0,-0.0,0.0,0.7778230110251797,-0.6284833836464757,0.24569252139002046,0.0,0.0,0.0,0.0,0.5345733522718963,229.87,-102.12336448598205,1754048124.19661,0.20347327262164772,-1.3448479964516502,0.0,1754048124.19661,map,base_link,0.05104470252990723,59.06261587142944
1754048124.273741,0.656260566097772,-2.214068894351895,0.0,-0.0,0.0,0.7689513379156052,-0.6393073125796394,0.24044953637820327,0.0,0.0,0.0,0.0,0.5690117702013192,230.93,-100.5196261682249,1754048124.2466328,0.1936716011352646,-1.351682896133128,0.0,1754048124.2466328,map,base_link,0.05370616912841797,59.11632204055786
1754048124.3198507,0.6542473567392675,-2.2255198633618667,0.0,-0.0,0.0,0.7620243959303381,-0.6475483148051606,0.24061765215451678,0.0,0.0,0.0,0.0,0.514405801644437,231.97,-99.28598130841185,1754048124.2969682,0.18429767580978385,-1.3585609210808016,0.0,1754048124.2969682,map,base_link,0.046109676361083984,59.162431716918945
1754048124.369173,0.6520796541928698,-2.24021682714911,0.0,-0.0,0.0,0.7521784879347642,-0.6589594238556513,0.24397724239461183,0.0,0.0,0.0,0.0,0.49865353267340906,233.32,-97.55887850467349,1754048124.3590536,0.16770677379709764,-1.3727921934041651,0.0,1754048124.3590536,map,base_link,0.04932236671447754,59.21175408363342
1754048124.4196143,0.6509334897503561,-2.2495123374415926,0.0,-0.0,0.0,0.745758608185818,-0.6662162549178395,0.2512908109620312,0.0,0.0,0.0,0.0,0.5243454419115835,234.18,-96.44859813084166,1754048124.3965545,0.15455091846247093,-1.3827850451336103,0.0,1754048124.3965545,map,base_link,0.05044126510620117,59.262195348739624
1754048124.4697556,0.6495809998561352,-2.2636576320341257,0.0,-0.0,0.0,0.734173016252157,-0.6789624306301564,0.24057171629385882,0.0,0.0,0.0,0.0,0.5235439659604493,235.5,-94.4747663551408,1754048124.4589777,0.16317354361290293,-1.391278952100111,0.0,1754048124.4589777,map,base_link,0.050141334533691406,59.312336683273315
1754048124.5291944,0.6489429843239529,-2.273325419275474,0.0,-0.0,0.0,0.7268211874214641,-0.6868267332561051,0.2411427297848135,0.0,0.0,0.0,0.0,0.5588519596021049,236.41,-93.2411214953277,1754048124.49659,0.15562960583250574,-1.3973586047817022,0.0,1754048124.49659,map,base_link,0.05943870544433594,59.37177538871765
1754048124.5691588,0.6483344879967342,-2.2884920673288542,0.0,-0.0,0.0,0.7156357703596341,-0.698473653176534,0.24542785544840004,0.0,0.0,0.0,0.0,0.5336287224725317,237.86,-91.390654205608,1754048124.5590494,0.1475799068844985,-1.4083218322873434,0.0,1754048124.5590494,map,base_link,0.03996443748474121,59.41173982620239
1754048124.6303697,0.6481810686912797,-2.297533803290356,0.0,-0.0,0.0,0.7111091871204992,-0.7030815912771595,0.24582188484049733,0.0,0.0,0.0,0.0,0.4659350261423034,238.72,-90.65046728972027,1754048124.5965436,0.14718878433299287,-1.4132359142527495,0.0,1754048124.5965436,map,base_link,0.06121087074279785,59.47295069694519
1754048124.6693552,0.6482128340938322,-2.3127128107536263,0.0,-0.0,0.0,0.7012000604241083,-0.7129645680265091,0.24041120244726563,0.0,0.0,0.0,0.0,0.43106210665223416,240.18,-89.04672897196318,1754048124.6589606,0.13765229158239944,-1.4209606309544973,0.0,1754048124.6466463,map,base_link,0.038985490798950195,59.51193618774414
1754048124.725796,0.648436656107709,-2.321106876478932,0.0,-0.0,0.0,0.6950337479004666,-0.7189771131819361,0.23745607634622506,0.0,0.0,0.0,0.0,0.4132238990938957,241.0,-88.05981308411275,1754048124.69667,0.1287017665652619,-1.4374314936209527,0.0,1754048124.69667,map,base_link,0.05644083023071289,59.56837701797485
1754048124.7703319,0.649118371531519,-2.336270846835523,0.0,-0.0,0.0,0.6880350466860788,-0.7256774590213515,0.23529319807536755,0.0,0.0,0.0,0.0,0.39666893393949576,242.48,-86.94953271028108,1754048124.759021,0.11739632423090596,-1.4681264487622168,0.0,1754048124.759021,map,base_link,0.04453587532043457,59.61291289329529
1754048124.8206716,0.6495808416411367,-2.3440082033468594,0.0,-0.0,0.0,0.6833333215755938,-0.7301065481314807,0.2320006674608623,0.0,0.0,0.0,0.0,0.34393572020569607,243.24,-86.2093457943932,1754048124.796942,0.11141213601717892,-1.473052913601075,0.0,1754048124.796942,map,base_link,0.050339698791503906,59.66325259208679
1754048124.8696208,0.6506909066030795,-2.358174957577235,0.0,-0.0,0.0,0.6738445364647706,-0.7388731560129779,0.22478743373072643,0.0,0.0,0.0,0.0,0.36255052838235,244.63,-84.7289719626173,1754048124.8590598,0.11064195050182501,-1.4823925226928536,0.0,1754048124.8590598,map,base_link,0.048949241638183594,59.712201833724976
1754048124.920692,0.6514932176218019,-2.366209099308151,0.0,-0.0,0.0,0.6682573756335792,-0.7439301579525603,0.21946022712957994,0.0,0.0,0.0,0.0,0.3969640712399121,245.43,-83.86542056074803,1754048124.896909,0.10441585232358763,-1.487533226710608,0.0,1754048124.896909,map,base_link,0.0510711669921875,59.76327300071716
1754048124.9698076,0.6532742556338716,-2.3809581125873622,0.0,-0.0,0.0,0.658591270454751,-0.7525008561329329,0.22764080079155322,0.0,0.0,0.0,0.0,0.41505209019587086,246.9,-82.38504672897255,1754048124.9590151,0.0931576507163463,-1.4972264400932538,0.0,1754048124.9590151,map,base_link,0.049115657806396484,59.81238865852356
1754048125.0201752,0.6544384178050793,-2.3896001713828006,0.0,-0.0,0.0,0.6577807779750947,-0.7532094317827407,0.23253026071068325,0.0,0.0,0.0,0.0,0.3119691016341403,247.76,-82.26168224299127,1754048124.9966192,0.08071713403947856,-1.5063387535740702,0.0,1754048124.9966192,map,base_link,0.05036759376525879,59.86275625228882
1754048125.0735507,0.6565519424766942,-2.403978924050631,0.0,-0.0,0.0,0.6504521527795614,-0.7595472315428674,0.23520512082863268,0.0,0.0,0.0,0.0,0.2603664576731649,249.2,-81.15140186915943,1754048125.0590615,0.057960201025990976,-1.5208349352839152,0.0,1754048125.0466447,map,base_link,0.0533754825592041,59.91613173484802
1754048125.1198516,0.6579876210936605,-2.4129072578645414,0.0,-0.0,0.0,0.6455324365327066,-0.7637328547235264,0.23243052154539007,0.0,0.0,0.0,0.0,0.2756811659550015,250.1,-80.41121495327151,1754048125.0967846,0.04884566937122181,-1.5285628361249877,0.0,1754048125.0967846,map,base_link,0.04630088806152344,59.962432622909546
1754048125.1691172,0.6605061716353097,-2.4272207017606773,0.0,-0.0,0.0,0.6397587409988628,-0.7685757954265474,0.23499068892095823,0.0,0.0,0.0,0.0,0.25782967312162225,251.55,-79.5476635514025,1754048125.1590574,0.03791434961279183,-1.538140101984179,0.0,1754048125.1590574,map,base_link,0.04926562309265137,60.0116982460022
1754048125.2253754,0.6620801269601588,-2.4354689656247066,0.0,-0.0,0.0,0.6347809295898854,-0.7726921582551495,0.232752305063418,0.0,0.0,0.0,0.0,0.3097830634602274,252.39,-78.80747663551453,1754048125.196558,0.051580588229246604,-1.5836219923371555,0.0,1754048125.196558,map,base_link,0.056258201599121094,60.06795644760132
1754048125.26914,0.6651117017890702,-2.4500126513570897,0.0,-0.0,0.0,0.628102684884768,-0.7781304628663152,0.23656363137058092,0.0,0.0,0.0,0.0,0.2939325640524363,253.87,-77.82056074766419,1754048125.2590964,0.04100568305858743,-1.5940565800749238,0.0,1754048125.2590964,map,base_link,0.043764591217041016,60.11172103881836
1754048125.3296003,0.6671423688176166,-2.4591558717541293,0.0,-0.0,0.0,0.6239050919015432,-0.7815001191934183,0.23686542050640585,0.0,0.0,0.0,0.0,0.2943857039202365,254.8,-77.20373831775775,1754048125.2965348,0.034425209935936785,-1.6007213727417478,0.0,1754048125.2965348,map,base_link,0.06046032905578613,60.172181367874146
1754048125.369234,0.6707192079663719,-2.4739073723943186,0.0,-0.0,0.0,0.6129070536529801,-0.7901550123756875,0.24560130881936137,0.0,0.0,0.0,0.0,0.3623539190173229,256.32,-75.60000000000052,1754048125.3589354,0.01958586121927519,-1.6163645512498217,0.0,1754048125.3589354,map,base_link,0.039633750915527344,60.21181511878967
1754048125.4195912,0.6730246457605132,-2.4826515823708335,0.0,-0.0,0.0,0.607790415678777,-0.7940974818049856,0.24290746477765568,0.0,0.0,0.0,0.0,0.3792180035423699,257.23,-74.85981308411286,1754048125.396526,0.007804534420750908,-1.6284078802550195,0.0,1754048125.396526,map,base_link,0.05035710334777832,60.26217222213745
1754048125.4692154,0.6769983414377667,-2.496630942962574,0.0,-0.0,0.0,0.5983442048549,-0.8012391731041096,0.23823893164078455,0.0,0.0,0.0,0.0,0.3796802454012179,258.68,-73.50280373831843,1754048125.4590347,-0.0023071974274666562,-1.6388465419948717,0.0,1754048125.4590347,map,base_link,0.04962420463562012,60.31179642677307
1754048125.5233977,0.6794421235360275,-2.5046645548846973,0.0,-0.0,0.0,0.5931562747150532,-0.8050873454266688,0.22996485347428738,0.0,0.0,0.0,0.0,0.3617059379073809,259.52,-72.76261682243047,1754048125.496595,-0.008037972426697682,-1.6449840666886926,0.0,1754048125.496595,map,base_link,0.05418229103088379,60.365978717803955
1754048125.5730417,0.6835233805281796,-2.517261274132929,0.0,-0.0,0.0,0.58358094953037,-0.8120549706425247,0.22034733204028184,0.0,0.0,0.0,0.0,0.3632318651449549,260.84,-71.40560747663632,1754048125.5589747,0.013311754731464065,-1.6151273120983927,0.0,1754048125.5589747,map,base_link,0.04964399337768555,60.41562271118164
1754048125.6192434,0.6861325301719678,-2.5249022248107518,0.0,-0.0,0.0,0.5792013938833412,-0.8151844854531977,0.21551012175847842,0.0,0.0,0.0,0.0,0.34280933172623557,261.65,-70.78878504672949,1754048125.5978696,0.007652260262176691,-1.620885950086381,0.0,1754048125.5978696,map,base_link,0.04620170593261719,60.46182441711426
1754048125.669486,0.6905700356492729,-2.5373781020961994,0.0,-0.0,0.0,0.5730418507415976,-0.8195261053185826,0.21191566719009947,0.0,0.0,0.0,0.0,0.27485682324206356,262.97,-69.92523364486048,1754048125.6589856,-0.001508820496262775,-1.6304469943933604,0.0,1754048125.6589856,map,base_link,0.05024266242980957,60.51206707954407
1754048125.7201023,0.6934921085808501,-2.5452503722842925,0.0,-0.0,0.0,0.5677363275845535,-0.8232104605389831,0.2120687922412805,0.0,0.0,0.0,0.0,0.28687089139632754,263.8,-69.18504672897267,1754048125.6981094,-0.01377579407117957,-1.6374259521824164,0.0,1754048125.6981094,map,base_link,0.05061626434326172,60.56268334388733
1754048125.7691991,0.6984484405460016,-2.5578768237877196,0.0,-0.0,0.0,0.5588412594390825,-0.8292746509742958,0.2200497420033532,0.0,0.0,0.0,0.0,0.3269774064593111,265.15,-67.95140186915954,1754048125.7590327,-0.03624877284470296,-1.6468125963605162,0.0,1754048125.7590327,map,base_link,0.04909682273864746,60.61178016662598
1754048125.8296926,0.7018971957633683,-2.5662363895053106,0.0,-0.0,0.0,0.5534730637035534,-0.8328670768823813,0.2254932850890103,0.0,0.0,0.0,0.0,0.3614976537816158,266.05,-67.21121495327164,1754048125.7966073,-0.04256869516600581,-1.6532805816255527,0.0,1754048125.7966073,map,base_link,0.06049346923828125,60.67227363586426
1754048125.8690991,0.707359848330726,-2.5790043661562168,0.0,-0.0,0.0,0.5471809979989543,-0.8370143101697058,0.22739300015494696,0.0,0.0,0.0,0.0,0.2944378423160197,267.43,-66.34766355140277,1754048125.8590448,-0.05214438711680547,-1.6633388083327378,0.0,1754048125.8590448,map,base_link,0.039406538009643555,60.7116801738739
1754048125.9195433,0.7109138573383675,-2.5869672954906107,0.0,-0.0,0.0,0.5408578580853216,-0.8411140097200606,0.2265638769595113,0.0,0.0,0.0,0.0,0.30369770336672597,268.29,-65.4841121495334,1754048125.8989305,-0.050104209237648245,-1.6816882893637213,0.0,1754048125.8989305,map,base_link,0.05044412612915039,60.76212430000305
1754048125.9881217,0.7172499396072635,-2.6004045403939595,0.0,-0.0,0.0,0.5299469298044777,-0.8480308081613592,0.23450105021375908,0.0,0.0,0.0,0.0,0.38294987483298515,269.75,-64.00373831775767,1754048125.9590533,-0.04788623700960715,-1.7108826613763062,0.0,1754048125.9590533,map,base_link,0.06857848167419434,60.830702781677246
1754048126.0194225,0.7209816577991537,-2.6079268719122854,0.0,-0.0,0.0,0.5244581851188777,-0.8514362055150186,0.2372326430730319,0.0,0.0,0.0,0.0,0.40048954308053597,270.58,-63.26355140186996,1754048125.9967823,-0.05330285090036346,-1.7172991624550684,0.0,1754048125.9967823,map,base_link,0.03130078315734863,60.862003564834595
1754048126.069282,0.727989117102534,-2.6213916921288587,0.0,-0.0,0.0,0.5143388199743997,-0.8575870674557435,0.23287300569897149,0.0,0.0,0.0,0.0,0.37954621631574254,272.06,-61.90654205607544,1754048126.0589902,-0.06003635351362124,-1.722408049115682,0.0,1754048126.0589902,map,base_link,0.04985952377319336,60.91186308860779
1754048126.1203382,0.7322990179467856,-2.6293415981816852,0.0,-0.0,0.0,0.5087886741094493,-0.8608914479177666,0.23834433878147587,0.0,0.0,0.0,0.0,0.35973127290355433,272.94,-61.16635514018762,1754048126.0987043,-0.056190857712342,-1.7140065847576564,0.0,1754048126.0848265,map,base_link,0.0510561466217041,60.96291923522949
1754048126.1695216,0.7400884322117685,-2.643116648954372,0.0,-0.0,0.0,0.4966908436657138,-0.8679275348890836,0.24906391986685228,0.0,0.0,0.0,0.0,0.3775163228183015,274.48,-59.562616822430535,1754048126.1589396,-0.06879151223308888,-1.7282995998231492,0.0,1754048126.1589396,map,base_link,0.04918336868286133,61.01210260391235
1754048126.2201233,0.7448939088042049,-2.6511558323682447,0.0,-0.0,0.0,0.4901361804102875,-0.8716458711270386,0.24916012040709382,0.0,0.0,0.0,0.0,0.4127817553197074,275.38,-58.69906542056137,1754048126.1966562,-0.07524020133771936,-1.7308559956721636,0.0,1754048126.1966562,map,base_link,0.05060172080993652,61.06270432472229
1754048126.269089,0.753419065990732,-2.664870233460371,0.0,-0.0,0.0,0.48261107521654306,-0.8758347732753776,0.25350598305674277,0.0,0.0,0.0,0.0,0.380054930088512,276.93,-57.71214953271088,1754048126.2589836,-0.08524634420947441,-1.7278742060761283,0.0,1754048126.2589836,map,base_link,0.0489656925201416,61.11167001724243
1754048126.319985,0.7584816308900375,-2.6727500502020636,0.0,-0.0,0.0,0.47599722409963163,-0.879446782158787,0.2540880696400098,0.0,0.0,0.0,0.0,0.3469534309742235,277.83,-56.84859813084193,1754048126.296458,-0.0913705091755288,-1.734960508264921,0.0,1754048126.296458,map,base_link,0.05089592933654785,61.16256594657898
1754048126.3691294,0.7674745164943801,-2.6861620615630923,0.0,-0.0,0.0,0.46459651236370225,-0.8855224902279356,0.2562103167595115,0.0,0.0,0.0,0.0,0.3629082615285798,279.37,-55.368224299066185,1754048126.3590512,-0.10169353546163862,-1.7674424931129127,0.0,1754048126.3590512,map,base_link,0.04914450645446777,61.21171045303345
1754048126.4217038,0.7728619534185738,-2.693823458616992,0.0,-0.0,0.0,0.45791016771808674,-0.8889984692339991,0.2541351822698135,0.0,0.0,0.0,0.0,0.41546244368555046,280.25,-54.50467289719687,1754048126.3965702,-0.10786758984060274,-1.7744853997540135,0.0,1754048126.3965702,map,base_link,0.05257439613342285,61.26428484916687
1754048126.4706452,0.7826352258466858,-2.7070813600653656,0.0,-0.0,0.0,0.4454239677632569,-0.8953197691004243,0.2583206125449725,0.0,0.0,0.0,0.0,0.44817424035626513,281.79,-52.90093457944,1754048126.459125,-0.11844540637082135,-1.7871107156796417,0.0,1754048126.459125,map,base_link,0.04894137382507324,61.31322622299194
1754048126.519959,0.7889338731880213,-2.7152750672656123,0.0,-0.0,0.0,0.43963153255902787,-0.8981782203882481,0.26429010807542913,0.0,0.0,0.0,0.0,0.39544421094823357,282.76,-52.16074766355193,1754048126.497553,-0.11506245433385853,-1.8017484775919712,0.0,1754048126.497553,map,base_link,0.04931378364562988,61.36254000663757
1754048126.569257,0.7988199656018631,-2.727632039549834,0.0,-0.0,0.0,0.427018653885058,-0.9042428154175144,0.26075633559010675,0.0,0.0,0.0,0.0,0.3990725548007875,284.22,-50.557009345794945,1754048126.559016,-0.10455785900967873,-1.8277056356257462,0.0,1754048126.559016,map,base_link,0.04929804801940918,61.41183805465698
1754048126.623818,0.8052387033862531,-2.735315637826353,0.0,-0.0,0.0,0.4201923029500552,-0.9074350822739492,0.2576975955953179,0.0,0.0,0.0,0.0,0.3952665955524555,285.14,-49.69345794392594,1754048126.5986516,-0.10856596784359063,-1.8331768727215958,0.0,1754048126.584025,map,base_link,0.05456089973449707,61.46639895439148
1754048126.6691895,0.815051669351796,-2.746469108331734,0.0,-0.0,0.0,0.40450023493975534,-0.9145378942032324,0.24943480006104962,0.0,0.0,0.0,0.0,0.4921670052348934,286.49,-47.71962616822484,1754048126.659037,-0.11889213024747702,-1.8480239041297513,0.0,1754048126.659037,map,base_link,0.04537153244018555,61.511770486831665
1754048126.7350602,0.820980352134915,-2.752863548326205,0.0,-0.0,0.0,0.3956204073845626,-0.9184141186092866,0.24402316670129096,0.0,0.0,0.0,0.0,0.5256315785351139,287.27,-46.60934579439312,1754048126.6967602,-0.12481913424449331,-1.8561288464763779,0.0,1754048126.6967602,map,base_link,0.06587076187133789,61.577641248703
1754048126.7690566,0.8315551823998826,-2.7637526949548774,0.0,-0.0,0.0,0.3827286414575509,-0.9238608049961083,0.23291849119061964,0.0,0.0,0.0,0.0,0.4842189692988514,288.61,-45.005607476636285,1754048126.758974,-0.13219641417393513,-1.868001220056486,0.0,1754048126.758974,map,base_link,0.0339963436126709,61.611637592315674
1754048126.8195276,0.8375431395322191,-2.769639540485646,0.0,-0.0,0.0,0.374757825918063,-0.9271227383217212,0.23506626379694504,0.0,0.0,0.0,0.0,0.4653174819692186,289.35,-44.018691588785735,1754048126.7966034,-0.1369483306617001,-1.8749243602843837,0.0,1754048126.7966034,map,base_link,0.05047106742858887,61.66210865974426
1754048126.869878,0.8488347341916677,-2.780260743910135,0.0,-0.0,0.0,0.3627496679426655,-0.9318866231508455,0.2400979841525172,0.0,0.0,0.0,0.0,0.4303042986233744,290.7,-42.53831775701005,1754048126.8592172,-0.14714340196221176,-1.8890187193005286,0.0,1754048126.8592172,map,base_link,0.05035042762756348,61.712459087371826
1754048126.919796,0.8552999603133554,-2.786112300709029,0.0,-0.0,0.0,0.3577282858754919,-0.9338257190100209,0.23794939294577958,0.0,0.0,0.0,0.0,0.3777134239768906,291.44,-41.92149532710363,1754048126.8965669,-0.14997026580117767,-1.895494505887789,0.0,1754048126.8965669,map,base_link,0.04991793632507324,61.7623770236969
1754048126.977684,0.8669521600157106,-2.7963368071126404,0.0,-0.0,0.0,0.3476545726770407,-0.9376226842908315,0.24536599554702382,0.0,0.0,0.0,0.0,0.32628779200593405,292.76,-40.6878504672904,1754048126.9591918,-0.1590422928773676,-1.9080648127189659,0.0,1754048126.9591918,map,base_link,0.057888031005859375,61.82026505470276
1754048127.0214174,0.8750898262534209,-2.8032191309500285,0.0,-0.0,0.0,0.3385537477691214,-0.9409470547652945,0.24668059518946234,0.0,0.0,0.0,0.0,0.3368135789223004,293.66,-39.57757009345846,1754048127.002019,-0.15455352739174089,-1.938696112802005,0.0,1754048127.002019,map,base_link,0.04373335838317871,61.86399841308594
1754048127.0692232,0.8863994207711392,-2.8123463057502707,0.0,-0.0,0.0,0.3273874424657523,-0.944890185426716,0.2507619388369807,0.0,0.0,0.0,0.0,0.38526958359035346,294.87,-38.22056074766416,1754048127.0589576,-0.15296602973326578,-1.9690130056498871,0.0,1754048127.0589576,map,base_link,0.0478057861328125,61.91180419921875
1754048127.1194804,0.8940499648098117,-2.8182914767120812,0.0,-0.0,0.0,0.32127727927195876,-0.946985168745323,0.2538439741573308,0.0,0.0,0.0,0.0,0.40294487205766927,295.67,-37.48037383177629,1754048127.0965571,-0.15792758908638982,-1.9773351935015429,0.0,1754048127.0965571,map,base_link,0.050257205963134766,61.962061405181885
1754048127.169034,0.9057444782156161,-2.8269191092491828,0.0,-0.0,0.0,0.30389320371009426,-0.952706104073452,0.24843516403411417,0.0,0.0,0.0,0.0,0.48307541623828226,296.85,-35.38317757009416,1754048127.1589565,-0.16505516299770395,-1.9899999231525278,0.0,1754048127.1589565,map,base_link,0.049553632736206055,62.01161503791809
1754048127.2336402,0.9139430691570909,-2.8326655866753065,0.0,-0.0,0.0,0.29876060793092424,-0.9543280877920048,0.24341064151443853,0.0,0.0,0.0,0.0,0.44573354078966343,297.65,-34.76635514018773,1754048127.1995604,-0.15960490844182207,-1.9690323969527963,0.0,1754048127.1995604,map,base_link,0.0646061897277832,62.076221227645874
1754048127.2690685,0.9270321780561853,-2.841559637414308,0.0,-0.0,0.0,0.28537571885829266,-0.9584157235177816,0.2574219026431136,0.0,0.0,0.0,0.0,0.4170939094719646,298.9,-33.16261682243071,1754048127.259106,-0.16774296545325162,-1.982604461585674,0.0,1754048127.259106,map,base_link,0.03542828559875488,62.11164951324463
1754048127.3285964,0.9349147194241907,-2.846617866706261,0.0,-0.0,0.0,0.2760763561038617,-0.9611357061312485,0.25972780312394167,0.0,0.0,0.0,0.0,0.43312287059259313,299.62,-32.052336448598915,1754048127.2965639,-0.1754596148784513,-1.9909852547421047,0.0,1754048127.2965639,map,base_link,0.05952787399291992,62.17117738723755
1754048127.3694296,0.9487260176911977,-2.854984281592831,0.0,-0.0,0.0,0.2615594886663677,-0.9651873568839308,0.25087300667677165,0.0,0.0,0.0,0.0,0.5342241989229263,300.85,-30.325233644860607,1754048127.3591595,-0.19011630496235643,-2.004969191677073,0.0,1754048127.3591595,map,base_link,0.040833234786987305,62.212010622024536
1754048127.4200563,0.9576817227668812,-2.8601423049848043,0.0,-0.0,0.0,0.25531959313385844,-0.9668567139767718,0.26037594541633124,0.0,0.0,0.0,0.0,0.4641432422031187,301.62,-29.585046728972582,1754048127.3968139,-0.19510952996852104,-2.0140178138237084,0.0,1754048127.3968139,map,base_link,0.05062675476074219,62.26263737678528
1754048127.4744003,0.973476982899965,-2.868952282949035,0.0,-0.0,0.0,0.24906904488936613,-0.9684857308592104,0.27942742835572226,0.0,0.0,0.0,0.0,0.31006710298935103,302.96,-28.844859813085016,1754048127.4589524,-0.20362889962389508,-2.029971694075143,0.0,1754048127.4589524,map,base_link,0.05434393882751465,62.31698131561279
1754048127.5206382,0.9822699198839271,-2.873740035772495,0.0,-0.0,0.0,0.24176362270781218,-0.9703351744295342,0.2816582976463066,0.0,0.0,0.0,0.0,0.2923091216188579,303.7,-27.98130841121565,1754048127.4966435,-0.2033615789479999,-2.050492142338539,0.0,1754048127.4966435,map,base_link,0.046237945556640625,62.363219261169434
1754048127.5691862,0.9961228843114854,-2.8806960998774582,0.0,-0.0,0.0,0.2208167530063521,-0.9753153139327464,0.2663820262831086,0.0,0.0,0.0,0.0,0.49999320589362795,304.81,-25.514018691589413,1754048127.559012,-0.19560254553985423,-2.092547799106333,0.0,1754048127.559012,map,base_link,0.048547983169555664,62.41176724433899
1754048127.6307356,1.006080733902156,-2.885323920510614,0.0,-0.0,0.0,0.21030432258036366,-0.9776359710567192,0.2588140034977332,0.0,0.0,0.0,0.0,0.609291311320276,305.57,-24.280373831776394,1754048127.5989861,-0.20056662398299885,-2.102342359713803,0.0,1754048127.5989861,map,base_link,0.06154942512512207,62.47331666946411
1754048127.6689498,1.0196921940952417,-2.891276461833594,0.0,-0.0,0.0,0.19976751858939024,-0.9798433234536211,0.2543978400574118,0.0,0.0,0.0,0.0,0.45602444784852736,306.58,-23.04672897196333,1754048127.6596317,-0.20369984312243883,-2.11609020364674,0.0,1754048127.6596317,map,base_link,0.03821420669555664,62.51153087615967
1754048127.7195292,1.0286388012465797,-2.8949957817624634,0.0,-0.0,0.0,0.1913213469716225,-0.9815274536114433,0.25287249677135837,0.0,0.0,0.0,0.0,0.41738043249608536,307.23,-22.059813084112882,1754048127.698394,-0.20106924320898,-2.124609331730263,0.0,1754048127.698394,map,base_link,0.05057930946350098,62.56211018562317
1754048127.7697003,1.042801897676555,-2.9004542882376696,0.0,-0.0,0.0,0.17332689482876926,-0.9848643498111893,0.25164774766181386,0.0,0.0,0.0,0.0,0.48670766469478116,308.22,-19.962616822430558,1754048127.7595022,-0.2076818345744713,-2.1382717703433975,0.0,1754048127.7595022,map,base_link,0.0501711368560791,62.61228132247925
1754048127.8202472,1.0516326026264808,-2.9035749501798582,0.0,-0.0,0.0,0.1637765340800973,-0.9864974642059202,0.24735950222082143,0.0,0.0,0.0,0.0,0.534761623323168,308.82,-18.852336448598827,1754048127.7968292,-0.2115230406420472,-2.146813726607421,0.0,1754048127.7968292,map,base_link,0.050546884536743164,62.66282820701599
1754048127.8710594,1.0663746710255981,-2.9083690592435434,0.0,-0.0,0.0,0.1510189586244799,-0.9885308665570224,0.24806480531210653,0.0,0.0,0.0,0.0,0.4814672267933345,309.77,-17.371962616823232,1754048127.8590808,-0.19753472728083432,-2.18109620411657,0.0,1754048127.8590808,map,base_link,0.0508122444152832,62.713640451431274
1754048127.9192553,1.0750247180722579,-2.9110059537752546,0.0,-0.0,0.0,0.14463058629973402,-0.9894857217295231,0.2453719661917173,0.0,0.0,0.0,0.0,0.43043684897241413,310.32,-16.63177570093536,1754048127.8966167,-0.2008495241473418,-2.1895098031333156,0.0,1754048127.8966167,map,base_link,0.048195838928222656,62.7618362903595
1754048127.970929,1.088987534345349,-2.9150379065353773,0.0,-0.0,0.0,0.13503679662170942,-0.9908405843313782,0.23794464634384105,0.0,0.0,0.0,0.0,0.3097710566556388,311.18,-15.521495327103482,1754048127.9589608,-0.18589236963231803,-2.1931865305138056,0.0,1754048127.9589608,map,base_link,0.05167365074157715,62.813509941101074
1754048128.0268257,1.098030543242605,-2.917476156999645,0.0,-0.0,0.0,0.12756614984909673,-0.9918300647856354,0.24016861416301186,0.0,0.0,0.0,0.0,0.32775503857872124,311.73,-14.657943925234477,1754048127.9966586,-0.1881713874895281,-2.1988839769535122,0.0,1754048127.9840717,map,base_link,0.055896759033203125,62.86940670013428
1754048128.0692728,1.1130601057012923,-2.9212750476047886,0.0,-0.0,0.0,0.11901942184340111,-0.9928919262558552,0.24552024215289214,0.0,0.0,0.0,0.0,0.32932844571918846,312.61,-13.67102803738398,1754048128.0591264,-0.1948346445795428,-2.216390546096781,0.0,1754048128.0591264,map,base_link,0.04244709014892578,62.9118537902832
1754048128.1373506,1.1218573794361684,-2.923369077542215,0.0,-0.0,0.0,0.11474270763294588,-0.993395244122429,0.24691824486940206,0.0,0.0,0.0,0.0,0.29659247222130897,313.12,-13.17757009345868,1754048128.096576,-0.1962036577253259,-2.222529427019456,0.0,1754048128.096576,map,base_link,0.06807780265808105,62.979931592941284
1754048128.169025,1.136982511051404,-2.926767564139399,0.0,-0.0,0.0,0.10618297532402497,-0.994346607452018,0.24578522663062619,0.0,0.0,0.0,0.0,0.25973835397968037,313.99,-12.190654205608238,1754048128.159008,-0.19325155034042618,-2.2295036861046995,0.0,1754048128.159008,map,base_link,0.03167438507080078,63.011605978012085
1754048128.2209027,1.1461478413039043,-2.9286960357093177,0.0,-0.0,0.0,0.10082910275885838,-0.9949037601883127,0.2455956739530052,0.0,0.0,0.0,0.0,0.2582970137958491,314.5,-11.573831775701807,1754048128.1965907,-0.19676486148022887,-2.238185789885945,0.0,1754048128.1965907,map,base_link,0.051877737045288086,63.06348371505737
1754048128.2745972,1.1578657139916384,-2.931038652760849,0.0,-0.0,0.0,0.09547230873389961,-0.9954320862143329,0.2439099177734863,0.0,0.0,0.0,0.0,0.2557846239728329,315.15,-10.957009345795374,1754048128.2474885,-0.2011356191386171,-2.249307519628558,0.0,1754048128.2474885,map,base_link,0.05369448661804199,63.117178201675415
1754048128.3194823,1.1696091429988797,-2.933249517289767,0.0,-0.0,0.0,0.09011274845888273,-0.9959315702221645,0.2412161587556653,0.0,0.0,0.0,0.0,0.2236820578178241,315.78,-10.340186915888784,1754048128.2964485,-0.20538118909530878,-2.2604776218015994,0.0,1754048128.2964485,map,base_link,0.04488515853881836,63.16206336021423
1754048128.3691883,1.1842426525121221,-2.9358127465296233,0.0,-0.0,0.0,0.08153208585075176,-0.996670717427188,0.24063807452150932,0.0,0.0,0.0,0.0,0.2579629084920765,316.57,-9.353271028038343,1754048128.3589973,-0.21048286878751998,-2.274430492801085,0.0,1754048128.3589973,map,base_link,0.04970598220825195,63.211769342422485
1754048128.4232287,1.1928530950439344,-2.9371911637243726,0.0,-0.0,0.0,0.0761660602693919,-0.9970951465447213,0.23806820166640752,0.0,0.0,0.0,0.0,0.27674042768261115,317.02,-8.736448598131755,1754048128.3965962,-0.21257483990956905,-2.308612501561982,0.0,1754048128.3851373,map,base_link,0.05404043197631836,63.265809774398804
1754048128.469028,1.2072391637503574,-2.9392545198493836,0.0,-0.0,0.0,0.066501757448148,-0.9977863079118232,0.23171435482713484,0.0,0.0,0.0,0.0,0.3255661210785453,317.75,-7.626168224299874,1754048128.4611394,-0.21758561252971997,-2.3365570609399473,0.0,1754048128.4611394,map,base_link,0.04579925537109375,63.3116090297699
1754048128.5346334,1.2158882005698821,-2.940365211609896,0.0,-0.0,0.0,0.06112994465235149,-0.9981298161395643,0.23307582551312428,0.0,0.0,0.0,0.0,0.31242569393376046,318.18,-7.009345794393391,1754048128.4967537,-0.22005742421731567,-2.344919454202251,0.0,1754048128.4967537,map,base_link,0.06560540199279785,63.377214431762695
1754048128.5689747,1.229685844246622,-2.941942180157296,0.0,-0.0,0.0,0.05360646599375732,-0.9985621396806811,0.22871460672823413,0.0,0.0,0.0,0.0,0.2777380494466143,318.86,-6.145794392524232,1754048128.559015,-0.2215428571725333,-2.355428924878299,0.0,1754048128.559015,map,base_link,0.03434133529663086,63.411555767059326
1754048128.6213388,1.2383588035128674,-2.9428477380100615,0.0,-0.0,0.0,0.05038116115195477,-0.99873006293041,0.2280788656690213,0.0,0.0,0.0,0.0,0.24260517811182497,319.28,-5.775700934580221,1754048128.5965924,-0.21603500741728965,-2.356777152268374,0.0,1754048128.5965924,map,base_link,0.05236411094665527,63.46391987800598
1754048128.6946528,1.252187200427078,-2.944127284653534,0.0,-0.0,0.0,0.042853464341560496,-0.9990813683549137,0.22775895190250212,0.0,0.0,0.0,0.0,0.2083212331272227,319.94,-4.912149532711216,1754048128.6590893,-0.22024228256922918,-2.3700119789247998,0.0,1754048128.6590893,map,base_link,0.07331395149230957,63.53723382949829
1754048128.7197168,1.2608801460787529,-2.9448147158662765,0.0,-0.0,0.0,0.03747502313673807,-0.9992975646127138,0.22724284127041133,0.0,0.0,0.0,0.0,0.24218486658388255,320.34,-4.29532710280463,1754048128.6971745,-0.22277287710304927,-2.3783567951049576,0.0,1754048128.6971745,map,base_link,0.02506399154663086,63.56229782104492
1754048128.782767,1.2760229131470628,-2.945868732264349,0.0,-0.0,0.0,0.03209549611670645,-0.9994848068525216,0.2386938249234364,0.0,0.0,0.0,0.0,0.20969447490299356,321.04,-3.678504672898045,1754048128.7596354,-0.22704093007270787,-2.3929238150095467,0.0,1754048128.7596354,map,base_link,0.0630502700805664,63.62534809112549
1754048128.8194344,1.2847255516874823,-2.946420214747851,0.0,-0.0,0.0,0.02886732355347276,-0.9995832519759718,0.23980485088667408,0.0,0.0,0.0,0.0,0.1757886842059307,321.43,-3.3084112149541864,1754048128.7965264,-0.2270842774432249,-2.3958593202084986,0.0,1754048128.7965264,map,base_link,0.0366673469543457,63.662015438079834
1754048128.869783,1.2985971546297157,-2.9470824360980687,0.0,-0.0,0.0,0.019181133914816288,-0.9998160251274941,0.2300252875042712,0.0,0.0,0.0,0.0,0.2229948896231587,322.05,-2.1981308411222518,1754048128.8590212,-0.22339796057815509,-2.3946467798968696,0.0,1754048128.8590212,map,base_link,0.050348520278930664,63.712363958358765
1754048128.9255414,1.3076349654793802,-2.9473903684371487,0.0,-0.0,0.0,0.014875528695310175,-0.9998893532016605,0.23055300752975688,0.0,0.0,0.0,0.0,0.2938107075816596,322.44,-1.704672897197258,1754048128.896603,-0.22596626668158892,-2.4033174575542864,0.0,1754048128.896603,map,base_link,0.05575847625732422,63.76812243461609
1754048128.9705596,1.3218415669816486,-2.947719948861233,0.0,-0.0,0.0,0.006263570564730228,-0.9999803836494897,0.23199747832175346,0.0,0.0,0.0,0.0,0.28268327560553314,323.05,-0.7177570093466612,1754048128.9593306,-0.22985389781388044,-2.416985759339052,0.0,1754048128.9593306,map,base_link,0.04501819610595703,63.813140630722046
1754048129.0264003,1.3305612965871585,-2.947801023305012,0.0,-0.0,0.0,0.003033932176130049,-0.9999953976171844,0.2310409252629825,0.0,0.0,0.0,0.0,0.2475120181897982,323.42,-0.3476635514028018,1754048128.9976718,-0.23212271962776487,-2.4254055399202477,0.0,1754048128.9976718,map,base_link,0.05584073066711426,63.86898136138916
1754048129.0693114,1.3447718055174775,-2.9478267525297652,0.0,0.0,-0.0,-0.0012722957469777816,-0.9999991906314386,0.22810695408661327,0.0,0.0,0.0,0.0,0.19521219625009087,324.01,0.14579439252234408,1754048129.0589933,-0.23571722356635672,-2.4391539495550796,0.0,1754048129.0589933,map,base_link,0.04291105270385742,63.91189241409302
1754048129.1192544,1.3528456369398703,-2.9477557927709315,0.0,0.0,-0.0,-0.0066550381155088285,-0.9999778549886398,0.22726808295950543,0.0,0.0,0.0,0.0,0.18721366597906874,324.34,0.7626168224290818,1754048129.0966413,-0.21773810954250195,-2.4770134899242353,0.0,1754048129.0966413,map,base_link,0.049942970275878906,63.9618353843689
1754048129.1750662,1.3580122986652854,-2.9476647653364485,0.0,0.0,-0.0,-0.010961100661946332,-0.9999399253316564,0.22236272850278982,0.0,0.0,0.0,0.0,0.22202682825396466,324.54,1.2560747663542278,1754048129.1215322,-0.21920905908925548,-2.4819671740895415,0.0,1754048129.1215322,map,base_link,0.05581188201904297,64.01764726638794
1754048129.2191212,1.3751200240910184,-2.947104997050468,0.0,0.0,-0.0,-0.022801484454014854,-0.9997400123565593,0.22289901973556486,0.0,0.0,0.0,0.0,0.3110922685234879,325.21,2.6130841121485315,1754048129.197151,-0.22383329361339444,-2.4984475886729802,0.0,1754048129.197151,map,base_link,0.04405498504638672,64.06170225143433
1754048129.2689795,1.3876921121105883,-2.946342942799167,0.0,0.0,-0.0,-0.038941984979422924,-0.9992414732214944,0.21588296420572176,0.0,0.0,0.0,0.0,0.4315061305398819,325.68,4.4635514018679805,1754048129.2592616,-0.22726883507101459,-2.50251725843771,0.0,1754048129.2592616,map,base_link,0.04985833168029785,64.11156058311462
1754048129.319676,1.3944476856212458,-2.9457427053513046,0.0,0.0,-0.0,-0.048621680318628915,-0.9988172666724344,0.20157013810472288,0.0,0.0,0.0,0.0,0.4834213412562761,325.91,5.573831775700069,1754048129.2966998,-0.2281156874736685,-2.4974018562390863,0.0,1754048129.2966998,map,base_link,0.050696372985839844,64.16225695610046
1754048129.370047,1.407614984655685,-2.944342780065564,0.0,0.0,-0.0,-0.05829681122694186,-0.9982992947011283,0.19860521675712095,0.0,0.0,0.0,0.0,0.4321171544353339,326.35,6.684112149531799,1754048129.3591058,-0.23124693724786827,-2.5102678124615974,0.0,1754048129.3591058,map,base_link,0.05037117004394531,64.21262812614441
1754048129.4278495,1.4140227289068903,-2.9435288334958587,0.0,0.0,-0.0,-0.06904049864745483,-0.9976138579362813,0.19101365710664048,0.0,0.0,0.0,0.0,0.42097730597649663,326.56,7.917757009344816,1754048129.3995707,-0.23264584803436383,-2.5165737417363845,0.0,1754048129.3995707,map,base_link,0.057802438735961914,64.27043056488037
1754048129.4690022,1.4213548925702455,-2.942340971839869,0.0,0.0,-0.0,-0.08728573735081978,-0.9961833164910582,0.15299676173901283,0.0,0.0,0.0,0.0,0.5464886026654611,326.77,10.014953271026991,1754048129.4589562,-0.23400516731196364,-2.5238760626278234,0.0,1754048129.4589562,map,base_link,0.0411527156829834,64.31158328056335
1754048129.5222328,1.4273966157596225,-2.9412673187524145,0.0,0.0,-0.0,-0.0883581359107173,-0.9960887710532547,0.1429658245649142,0.0,0.0,0.0,0.0,0.44318959838850774,326.93,10.138317757008279,1754048129.4966214,-0.22450230256827464,-2.5501317733331588,0.0,1754048129.4966214,map,base_link,0.05323052406311035,64.36481380462646
1754048129.5690243,1.4356639936809457,-2.9397967399354616,0.0,0.0,-0.0,-0.0883581359107173,-0.9960887710532547,0.14278297491455447,0.0,0.0,0.0,0.0,0.09019181320211621,327.16,10.138317757008279,1754048129.5590332,-0.2263427403533469,-2.558324753774374,0.0,1754048129.5590332,map,base_link,0.04679155349731445,64.41160535812378
1754048129.6208477,1.4394757244211795,-2.9390960637937042,0.0,0.0,-0.0,-0.09264669367231376,-0.9956990459730232,0.13244298299528,0.0,0.0,0.0,0.0,0.08955111120612821,327.27,10.631775700933424,1754048129.5969439,-0.2271703929900566,-2.5621109430729456,0.0,1754048129.5969439,map,base_link,0.05182337760925293,64.46342873573303
1754048129.6727474,1.45026564036033,-2.9370571486014927,0.0,0.0,-0.0,-0.09050262457246834,-0.9958962169551077,0.145498354315182,0.0,0.0,0.0,0.0,0.030653788945743665,327.56,10.385046728970902,1754048129.6589878,-0.2088062777518216,-2.5530163192229263,0.0,1754048129.6589878,map,base_link,0.05189967155456543,64.5153284072876
1754048129.719448,1.45026564036033,-2.9370571486014927,0.0,0.0,-0.0,-0.09050262457246834,-0.9958962169551077,0.145498354315182,0.0,0.0,0.0,0.0,0.030653788945743665,327.56,10.385046728970902,1754048129.6589878,-0.2088062777518216,-2.5530163192229263,0.0,1754048129.6589878,map,base_link,0.04670071601867676,64.56202912330627
1754048129.769342,1.45026564036033,-2.9370571486014927,0.0,0.0,-0.0,-0.09050262457246834,-0.9958962169551077,0.145498354315182,0.0,0.0,0.0,0.0,0.030653788945743665,327.56,10.385046728970902,1754048129.6589878,-0.2088062777518216,-2.5530163192229263,0.0,1754048129.6589878,map,base_link,0.049893856048583984,64.61192297935486
1754048129.8207288,1.45026564036033,-2.9370571486014927,0.0,0.0,-0.0,-0.09050262457246834,-0.9958962169551077,0.145498354315182,0.0,0.0,0.0,0.0,0.030653788945743665,327.56,10.385046728970902,1754048129.6589878,-0.2088062777518216,-2.5530163192229263,0.0,1754048129.6589878,map,base_link,0.05138683319091797,64.66330981254578
1754048129.86953,1.45026564036033,-2.9370571486014927,0.0,0.0,-0.0,-0.09050262457246834,-0.9958962169551077,0.145498354315182,0.0,0.0,0.0,0.0,0.030653788945743665,327.56,10.385046728970902,1754048129.6589878,-0.2088062777518216,-2.5530163192229263,0.0,1754048129.6589878,map,base_link,0.04880118370056152,64.71211099624634
1754048129.9313636,1.45026564036033,-2.9370571486014927,0.0,0.0,-0.0,-0.09050262457246834,-0.9958962169551077,0.145498354315182,0.0,0.0,0.0,0.0,0.030653788945743665,327.56,10.385046728970902,1754048129.6589878,-0.2088062777518216,-2.5530163192229263,0.0,1754048129.6589878,map,base_link,0.06183362007141113,64.77394461631775
1754048129.9695933,1.45026564036033,-2.9370571486014927,0.0,0.0,-0.0,-0.09050262457246834,-0.9958962169551077,0.145498354315182,0.0,0.0,0.0,0.0,0.030653788945743665,327.56,10.385046728970902,1754048129.6589878,-0.2088062777518216,-2.5530163192229263,0.0,1754048129.6589878,map,base_link,0.03822970390319824,64.81217432022095
1754048130.0197494,1.45026564036033,-2.9370571486014927,0.0,0.0,-0.0,-0.09050262457246834,-0.9958962169551077,0.145498354315182,0.0,0.0,0.0,0.0,0.030653788945743665,327.56,10.385046728970902,1754048129.6589878,-0.2088062777518216,-2.5530163192229263,0.0,1754048129.6589878,map,base_link,0.0501561164855957,64.86233043670654
1754048130.0692973,1.45026564036033,-2.9370571486014927,0.0,0.0,-0.0,-0.09050262457246834,-0.9958962169551077,0.145498354315182,0.0,0.0,0.0,0.0,0.030653788945743665,327.56,10.385046728970902,1754048129.6589878,-0.2088062777518216,-2.5530163192229263,0.0,1754048129.6589878,map,base_link,0.04954791069030762,64.91187834739685
1754048130.1192436,1.45026564036033,-2.9370571486014927,0.0,0.0,-0.0,-0.09050262457246834,-0.9958962169551077,0.145498354315182,0.0,0.0,0.0,0.0,0.030653788945743665,327.56,10.385046728970902,1754048129.6589878,-0.2088062777518216,-2.5530163192229263,0.0,1754048129.6589878,map,base_link,0.04994630813598633,64.96182465553284
1754048130.1739268,1.45026564036033,-2.9370571486014927,0.0,0.0,-0.0,-0.09050262457246834,-0.9958962169551077,0.145498354315182,0.0,0.0,0.0,0.0,0.030653788945743665,327.56,10.385046728970902,1754048129.6589878,-0.2088062777518216,-2.5530163192229263,0.0,1754048129.6589878,map,base_link,0.05468320846557617,65.01650786399841
1754048130.2220216,1.45026564036033,-2.9370571486014927,0.0,0.0,-0.0,-0.09050262457246834,-0.9958962169551077,0.145498354315182,0.0,0.0,0.0,0.0,0.030653788945743665,327.56,10.385046728970902,1754048129.6589878,-0.2088062777518216,-2.5530163192229263,0.0,1754048129.6589878,map,base_link,0.048094749450683594,65.0646026134491
1754048130.2694316,1.45026564036033,-2.9370571486014927,0.0,0.0,-0.0,-0.09050262457246834,-0.9958962169551077,0.145498354315182,0.0,0.0,0.0,0.0,0.030653788945743665,327.56,10.385046728970902,1754048129.6589878,-0.2088062777518216,-2.5530163192229263,0.0,1754048129.6589878,map,base_link,0.047410011291503906,65.1120126247406
1754048130.3191097,1.45026564036033,-2.9370571486014927,0.0,0.0,-0.0,-0.09050262457246834,-0.9958962169551077,0.145498354315182,0.0,0.0,0.0,0.0,0.030653788945743665,327.56,10.385046728970902,1754048129.6589878,-0.2088062777518216,-2.5530163192229263,0.0,1754048129.6589878,map,base_link,0.04967808723449707,65.1616907119751
1754048130.369466,1.45026564036033,-2.9370571486014927,0.0,0.0,-0.0,-0.09050262457246834,-0.9958962169551077,0.145498354315182,0.0,0.0,0.0,0.0,0.030653788945743665,327.56,10.385046728970902,1754048129.6589878,-0.2088062777518216,-2.5530163192229263,0.0,1754048129.6589878,map,base_link,0.050356388092041016,65.21204710006714
1754048130.4346633,1.45026564036033,-2.9370571486014927,0.0,0.0,-0.0,-0.09050262457246834,-0.9958962169551077,0.145498354315182,0.0,0.0,0.0,0.0,0.030653788945743665,327.56,10.385046728970902,1754048129.6589878,-0.2088062777518216,-2.5530163192229263,0.0,1754048129.6589878,map,base_link,0.06519722938537598,65.27724432945251
1754048130.4693956,1.45026564036033,-2.9370571486014927,0.0,0.0,-0.0,-0.09050262457246834,-0.9958962169551077,0.145498354315182,0.0,0.0,0.0,0.0,0.030653788945743665,327.56,10.385046728970902,1754048129.6589878,-0.2088062777518216,-2.5530163192229263,0.0,1754048129.6589878,map,base_link,0.03473234176635742,65.31197667121887
1754048130.5194328,1.45026564036033,-2.9370571486014927,0.0,0.0,-0.0,-0.09050262457246834,-0.9958962169551077,0.145498354315182,0.0,0.0,0.0,0.0,0.030653788945743665,327.56,10.385046728970902,1754048129.6589878,-0.2088062777518216,-2.5530163192229263,0.0,1754048129.6589878,map,base_link,0.05003714561462402,65.3620138168335
1754048130.5696232,1.45026564036033,-2.9370571486014927,0.0,0.0,-0.0,-0.09050262457246834,-0.9958962169551077,0.145498354315182,0.0,0.0,0.0,0.0,0.030653788945743665,327.56,10.385046728970902,1754048129.6589878,-0.2088062777518216,-2.5530163192229263,0.0,1754048129.6589878,map,base_link,0.05019044876098633,65.41220426559448
1754048130.6196246,1.45026564036033,-2.9370571486014927,0.0,0.0,-0.0,-0.09050262457246834,-0.9958962169551077,0.145498354315182,0.0,0.0,0.0,0.0,0.030653788945743665,327.56,10.385046728970902,1754048129.6589878,-0.2088062777518216,-2.5530163192229263,0.0,1754048129.6589878,map,base_link,0.05000138282775879,65.46220564842224
1754048130.6734715,1.45026564036033,-2.9370571486014927,0.0,0.0,-0.0,-0.09050262457246834,-0.9958962169551077,0.145498354315182,0.0,0.0,0.0,0.0,0.030653788945743665,327.56,10.385046728970902,1754048129.6589878,-0.2088062777518216,-2.5530163192229263,0.0,1754048129.6589878,map,base_link,0.05384683609008789,65.51605248451233
1754048130.721241,1.4168607792560792,-2.920455651295522,0.0,0.0,-0.0,-0.23796315324854395,-0.9712741825540355,79.37171663860474,0.0,0.0,0.0,0.0,-481.8015866722367,324.6,27.532710280372722,1754048130.7129407,-0.17958345293410272,-2.52983182078394,0.0,1754048130.7129407,map,base_link,0.04776954650878906,65.56382203102112
1754048130.7697198,1.4288765996726434,-2.914161305989607,0.0,0.0,-0.0,-0.2400538664750197,-0.9707595691984671,0.2855717739106186,0.0,0.0,0.0,0.0,0.1067537405487871,324.56,27.779439252335298,1754048130.7611465,-0.178991521351334,-2.543383512195514,0.0,1754048130.7611465,map,base_link,0.04847884178161621,65.61230087280273
1754048130.8216069,1.4371675697609207,-2.9098043855398696,0.0,0.0,-0.0,-0.2390086483646073,-0.971017438569938,0.2707872094967182,0.0,0.0,0.0,0.0,-0.04520189225891451,324.54,27.656074766354163,1754048130.7969537,-0.17869962532224326,-2.5498362601995703,0.0,1754048130.7869327,map,base_link,0.05188703536987305,65.66418790817261
1754048130.8700893,1.4540557301147734,-2.9009791423764804,0.0,0.0,-0.0,-0.23587133684661551,-0.97178429317117,0.262126406556026,0.0,0.0,0.0,0.0,-0.15525475731168398,324.5,27.28598130841015,1754048130.8666065,0.06502149326857998,-2.613530847856155,0.0,1754048130.8499708,map,base_link,0.048482418060302734,65.71267032623291
1754048130.9262161,1.46179645143645,-2.89696395655442,0.0,0.0,-0.0,-0.23691738233854007,-0.9715298008531977,0.2696463156281826,0.0,0.0,0.0,0.0,-0.001379089463262586,324.49,27.409345794391587,1754048130.8991795,-0.02349268346451483,-2.6435581344724404,0.0,1754048130.887066,map,base_link,0.05612683296203613,65.76879715919495
1754048130.9723167,1.47384503004584,-2.8907325227913447,0.0,0.0,-0.0,-0.2369173823385392,-0.971529800853198,0.26762152437679165,0.0,0.0,0.0,0.0,-0.05508099733485572,324.48,27.409345794391488,1754048130.9536421,-0.021375204150016813,-2.6536738396287887,0.0,1754048130.9277534,map,base_link,0.046100616455078125,65.81489777565002
1754048131.0195477,1.486743348534855,-2.8840349918986243,0.0,0.0,-0.0,-0.23796315324854436,-0.9712741825540354,0.23612474792808524,0.0,0.0,0.0,0.0,0.04840668747948616,324.47,27.532710280372772,1754048131.0145297,-0.01792868417051796,-2.67011068919229,0.0,1754048130.9957316,map,base_link,0.04723095893859863,65.86212873458862
1754048131.0758553,1.4958968769012955,-2.8792366600388535,0.0,0.0,-0.0,-0.24005386647502142,-0.9707595691984666,0.232602997066581,0.0,0.0,0.0,0.0,0.10192225826754975,324.46,27.7794392523355,1754048131.0583415,0.0038793141985351554,-2.7099629282928532,0.0,1754048131.037671,map,base_link,0.05630755424499512,65.91843628883362
1754048131.1206152,1.5058841277066208,-2.8739421557115965,0.0,0.0,-0.0,-0.24318784666014145,-0.9699792117549755,0.20765464555032004,0.0,0.0,0.0,0.0,0.1039452311296601,324.46,28.149532710279207,1754048131.115443,0.00774279263354849,-2.7253094599439027,0.0,1754048131.115443,map,base_link,0.04475998878479004,65.96319627761841
1754048131.1691415,1.5129948976483065,-2.8701173435094045,0.0,0.0,-0.0,-0.24631929020401683,-0.9691887366624673,0.20188366226735796,0.0,0.0,0.0,0.0,0.19530576952009054,324.45,28.519626168223223,1754048131.1558013,0.009768088974252631,-2.7331254955296678,0.0,1754048131.1558013,map,base_link,0.04852628707885742,66.01172256469727
1754048131.2200468,1.5223255167663508,-2.8649667636074017,0.0,0.0,-0.0,-0.25361594366089957,-0.9673049948806175,0.22336704130560334,0.0,0.0,0.0,0.0,0.32504401876497513,324.43,29.383177570092375,1754048131.2157753,0.012553603578458361,-2.7434128584008164,0.0,1754048131.2157753,map,base_link,0.05090522766113281,66.0626277923584
1754048131.2707691,1.5276589362956692,-2.8619320762900644,0.0,0.0,-0.0,-0.258819045102512,-0.9659258262890706,0.16709428137933688,0.0,0.0,0.0,0.0,0.30741729984052546,324.41,29.999999999998966,1754048131.25472,0.012224872644183815,-2.7455819579572744,0.0,1754048131.25472,map,base_link,0.050722360610961914,66.11335015296936
1754048131.3197696,1.532959387128047,-2.858840142778475,0.0,0.0,-0.0,-0.26401464742518926,-0.9645186706046457,0.15931966391772284,0.0,0.0,0.0,0.0,0.31322500074427395,324.39,30.616822429905547,1754048131.296609,0.006382729384579289,-2.735115476578321,0.0,1754048131.296609,map,base_link,0.04900050163269043,66.16235065460205
1754048131.3703551,1.539327979256357,-2.855016702463684,0.0,0.0,-0.0,-0.2712756055723849,-0.9625017121134569,0.1483288086370862,0.0,0.0,0.0,0.0,0.2782350925121612,324.36,31.48037383177455,1754048131.3467238,0.008359181355079848,-2.7422758745523064,0.0,1754048131.3467238,map,base_link,0.05058550834655762,66.21293616294861
1754048131.4318094,1.5442534446667115,-2.851928941379721,0.0,0.0,-0.0,-0.2816215768518016,-0.9595255533082507,0.1350556844618255,0.0,0.0,0.0,0.0,0.3453020282164575,324.32,32.71401869158772,1754048131.3967154,0.010013699392962927,-2.7478487596294054,0.0,1754048131.3967154,map,base_link,0.06145429611206055,66.27439045906067
1754048131.4694252,1.5496401441853291,-2.8483647505205707,0.0,0.0,-0.0,-0.2960508352576943,-0.9551721849714959,0.11349576826454941,0.0,0.0,0.0,0.0,0.4481091143702927,324.26,34.44112149532603,1754048131.4590454,0.012003580978522166,-2.7539937054761787,0.0,1754048131.4590454,map,base_link,0.03761577606201172,66.31200623512268
1754048131.5200593,1.5525459695365933,-2.8463210148803535,0.0,0.0,-0.0,-0.30734109583788993,-0.9515994171967346,0.10338316822850643,0.0,0.0,0.0,0.0,0.517190203094777,324.22,35.79813084112034,1754048131.4965954,0.014313171871428665,-2.7770649773527145,0.0,1754048131.4965954,map,base_link,0.050634145736694336,66.36264038085938
1754048131.5744214,1.5569394135891268,-2.843028706898558,0.0,0.0,-0.0,-0.3247043411014954,-0.9458155691623202,0.09449548280053174,0.0,0.0,0.0,0.0,0.5957699876533107,324.14,37.89532710280267,1754048131.5591314,0.01607331040583615,-2.7822653191520033,0.0,1754048131.5591314,map,base_link,0.05436205863952637,66.4170024394989
1754048131.620521,1.559466508144985,-2.84101769005368,0.0,0.0,-0.0,-0.3348675837000072,-0.9422651969519614,0.08935465921501404,0.0,0.0,0.0,0.0,0.5956977281001025,324.09,39.12897196261569,1754048131.5969665,0.01719719405204323,-2.7852930709903183,0.0,1754048131.5969665,map,base_link,0.04609966278076172,66.46310210227966
1754048131.6692579,1.5629304603175018,-2.838111859257041,0.0,0.0,-0.0,-0.34903065949647216,-0.9371113054122534,0.07746038393818444,0.0,0.0,0.0,0.0,0.5164025595879053,324.0,40.856074766354006,1754048131.6590157,0.030210682508732045,-2.7891433970949087,0.0,1754048131.6590157,map,base_link,0.0487368106842041,66.51183891296387
1754048131.7191348,1.565110403175462,-2.8361892226238385,0.0,0.0,-0.0,-0.3580938285504017,-0.933685605519393,0.07492870992965325,0.0,0.0,0.0,0.0,0.4995247328643641,323.94,41.96635514018573,1754048131.6966987,0.031217406421806704,-2.7918701514751465,0.0,1754048131.6966987,map,base_link,0.04987692832946777,66.56171584129333
1754048131.7689078,1.5681925055638268,-2.8333383379147095,0.0,0.0,-0.0,-0.37112550313380016,-0.9285827162529376,0.06963641451153371,0.0,0.0,0.0,0.0,0.46424276341023374,323.84,43.57009345794276,1754048131.759105,0.03358518032476754,-2.805546788351409,0.0,1754048131.759105,map,base_link,0.04977297782897949,66.61148881912231
1754048131.8305416,1.569349226506017,-2.832211565388679,0.0,0.0,-0.0,-0.380105002682188,-0.9249433425545447,0.06206806090571885,0.0,0.0,0.0,0.0,0.4828864684804481,323.79,44.680373831774496,1754048131.7966275,0.03417181508062095,-2.8070512747510628,0.0,1754048131.7966275,map,base_link,0.06163382530212402,66.67312264442444
1754048131.869633,1.571381647941337,-2.8301337308671544,0.0,0.0,-0.0,-0.396968243701421,-0.9178323449806121,0.04912498360358667,0.0,0.0,0.0,0.0,0.5368861575373414,323.71,46.77757009345652,1754048131.8590956,0.04647625864094218,-2.8093505409813915,0.0,1754048131.8590956,map,base_link,0.03909134864807129,66.71221399307251
1754048131.9209564,1.5724775922995082,-2.828947784183667,0.0,0.0,-0.0,-0.4078092549250517,-0.9130671451746987,0.04645776574554909,0.0,0.0,0.0,0.0,0.5890076500437058,323.66,48.134579439251176,1754048131.8966355,0.04708410988922607,-2.8108465625160766,0.0,1754048131.8966355,map,base_link,0.05132341384887695,66.76353740692139
1754048131.9702713,1.574162598098557,-2.8269893985359995,0.0,0.0,-0.0,-0.42737261026229306,-0.9040755786977072,0.04135798742226835,0.0,0.0,0.0,0.0,0.6583525250655662,323.57,50.601869158877214,1754048131.9591284,0.04814088375248904,-2.813204050138471,0.0,1754048131.9591284,map,base_link,0.04931497573852539,66.81285238265991
1754048132.0190513,1.5755728814961558,-2.825222530611713,0.0,0.0,-0.0,-0.4399831138281346,-0.8980060464975159,0.04379327015355667,0.0,0.0,0.0,0.0,0.7077866612161477,323.49,52.205607476634086,1754048131.9968567,0.04914102835269407,-2.815231470248388,0.0,1754048131.9968567,map,base_link,0.048779964447021484,66.86163234710693
1754048132.072003,1.5771029232550515,-2.8231406989358225,0.0,0.0,-0.0,-0.4592147537574475,-0.8883252838524224,0.047772520895030035,0.0,0.0,0.0,0.0,0.7333635734623181,323.38,54.67289719626027,1754048132.059107,0.050375397615562534,-2.8175011361783415,0.0,1754048132.059107,map,base_link,0.05295157432556152,66.9145839214325
1754048132.1193864,1.5780112393982084,-2.821805614214088,0.0,0.0,-0.0,-0.4734992653325452,-0.8807942130427174,0.04510258987986141,0.0,0.0,0.0,0.0,0.7463021440254314,323.31,56.52336448597973,1754048132.0965507,0.06588622170221514,-2.83088707414644,0.0,1754048132.0965507,map,base_link,0.04738354682922363,66.96196746826172
1754048132.171443,1.5793883991397242,-2.8196197495681417,0.0,0.0,-0.0,-0.4942254954231186,-0.8693337446997976,0.04413525579737829,0.0,0.0,0.0,0.0,0.7790268587823702,323.18,59.23738317756869,1754048132.1590636,0.07531375061493373,-2.8401081494426887,0.0,1754048132.1590636,map,base_link,0.05205655097961426,67.01402401924133
1754048132.222961,1.5798704459280983,-2.818779320409837,0.0,0.0,-0.0,-0.5081987730845438,-0.8612398080879474,0.03824379285895479,0.0,0.0,0.0,0.0,0.79412340056673,323.13,61.08785046728829,1754048132.199609,0.07578962516982868,-2.840952088826954,0.0,1754048132.199609,map,base_link,0.05151796340942383,67.06554198265076
1754048132.2692964,1.5812084525397387,-2.816199279609576,0.0,0.0,-0.0,-0.5293658344130623,-0.8483936664993217,0.0398135819749083,0.0,0.0,0.0,0.0,0.8145722483392948,322.97,63.92523364485834,1754048132.2591672,0.08857698998176433,-2.8429085310983853,0.0,1754048132.2591672,map,base_link,0.046335458755493164,67.11187744140625
1754048132.3418858,1.5816277510722812,-2.8153258185969756,0.0,0.0,-0.0,-0.541187092345406,-0.8409022125543046,0.03726596554738486,0.0,0.0,0.0,0.0,0.7984008344309724,322.92,65.52897196261542,1754048132.2966316,0.09008183595067232,-2.8432762198128696,0.0,1754048132.2966316,map,base_link,0.07258939743041992,67.18446683883667
1754048132.3689806,1.5825244517498112,-2.8132506411202356,0.0,0.0,-0.0,-0.5600580601576168,-0.8284533597327536,0.03607980495935949,0.0,0.0,0.0,0.0,0.7632154434154317,322.78,68.1196261682228,1754048132.359127,0.09126926436835747,-2.8451998745162728,0.0,1754048132.359127,map,base_link,0.02709484100341797,67.21156167984009
1754048132.4194229,1.5832233037242542,-2.811443299281501,0.0,0.0,-0.0,-0.5707135676844212,-0.8211492091337114,0.03613728494855571,0.0,0.0,0.0,0.0,0.7290599527344689,322.66,69.59999999999853,1754048132.396692,0.09235046946100534,-2.846807939860671,0.0,1754048132.396692,map,base_link,0.05044221878051758,67.2620038986206
1754048132.4793675,1.5838522392253174,-2.8096105248859202,0.0,0.0,-0.0,-0.5882602166908064,-0.8086716994299266,0.03534995826204597,0.0,0.0,0.0,0.0,0.6915194360027004,322.53,72.06728971962457,1754048132.459141,0.1010367544448636,-2.8437261554915647,0.0,1754048132.459141,map,base_link,0.05994462966918945,67.3219485282898
1754048132.5191574,1.584332536546245,-2.808068804342873,0.0,0.0,-0.0,-0.5977951495410543,-0.8016489001958329,0.038682909678114843,0.0,0.0,0.0,0.0,0.6714037553312819,322.42,73.424299065419,1754048132.4966245,0.11097489895730828,-2.823506234187981,0.0,1754048132.4966245,map,base_link,0.03978991508483887,67.36173844337463
1754048132.5694823,1.5851869810196781,-2.8049544646899713,0.0,0.0,-0.0,-0.6149156894790433,-0.7885928574572006,0.04659309534208973,0.0,0.0,0.0,0.0,0.6893135342846792,322.19,75.8915887850449,1754048132.5590456,0.11101417335328412,-2.7898848317385436,0.0,1754048132.5590456,map,base_link,0.05032491683959961,67.41206336021423
1754048132.6199768,1.5856350052606398,-2.80306921858303,0.0,0.0,-0.0,-0.6250516879003656,-0.7805833635511994,0.04916614941407744,0.0,0.0,0.0,0.0,0.6727945768957494,322.05,77.37196261682085,1754048132.596651,0.11201184520698826,-2.796981411557122,0.0,1754048132.596651,map,base_link,0.05049443244934082,67.46255779266357
1754048132.6694775,1.5862730150197915,-2.7999034437364814,0.0,0.0,-0.0,-0.641712379645863,-0.7669453838502738,0.051988730453892094,0.0,0.0,0.0,0.0,0.6931830727187112,321.8,79.83925233644693,1754048132.6593308,0.11474222034756654,-2.81375806388315,0.0,1754048132.6593308,map,base_link,0.04950070381164551,67.51205849647522
1754048132.7320936,1.5864837788913035,-2.798628903041786,0.0,0.0,-0.0,-0.6531983169408662,-0.7571868717467438,0.04661534999894221,0.0,0.0,0.0,0.0,0.7244835320263487,321.7,81.56635514018527,1754048132.6966414,0.1183587677645761,-2.820461800629076,0.0,1754048132.6966414,map,base_link,0.06261610984802246,67.57467460632324
1754048132.7696488,1.5867986002589733,-2.7960647133843732,0.0,0.0,-0.0,-0.672541862487511,-0.7400590808859991,0.04246473228500912,0.0,0.0,0.0,0.0,0.8594152789454409,321.5,84.52710280373664,1754048132.7591288,0.12722346290646191,-2.8367790268936437,0.0,1754048132.7591288,map,base_link,0.03755521774291992,67.61222982406616
1754048132.8190525,1.5869522384676442,-2.7941330992417317,0.0,0.0,-0.0,-0.6836190881934157,-0.7298389837886182,0.04475233453625982,0.0,0.0,0.0,0.0,0.8739933293303259,321.33,86.2542056074748,1754048132.7966702,0.12844579868446848,-2.8382825670963063,0.0,1754048132.7966702,map,base_link,0.04940366744995117,67.66163349151611
1754048132.8736567,1.5870267490193262,-2.792196828222897,0.0,0.0,-0.0,-0.7007114563564791,-0.7134447805757514,0.041196056658180116,0.0,0.0,0.0,0.0,0.7936366662500607,321.17,88.96822429906383,1754048132.859113,0.12972859628144207,-2.8397348506794566,0.0,1754048132.859113,map,base_link,0.054604291915893555,67.716237783432
1754048132.919586,1.5870367053733865,-2.790582062808271,0.0,0.0,-0.0,-0.7091108402278925,-0.7050970261398727,0.038537685046004314,0.0,0.0,0.0,0.0,0.74041855535371,321.03,90.32523364485813,1754048132.8969188,0.14835047102891918,-2.839780785114023,0.0,1754048132.8969188,map,base_link,0.0459291934967041,67.76216697692871
1754048132.9752467,1.5869931262397434,-2.7889679441157003,0.0,0.0,-0.0,-0.7248689117052483,-0.6888868273114598,0.03352184939169292,0.0,0.0,0.0,0.0,0.7072299077852484,320.89,92.9158878504655,1754048132.9591522,0.16400761137697417,-2.8407567543308776,0.0,1754048132.9591522,map,base_link,0.05566072463989258,67.8178277015686
1754048133.020269,1.5869121385297704,-2.787678666566625,0.0,0.0,-0.0,-0.7351689646765704,-0.6778839084801906,0.03097741397955329,0.0,0.0,0.0,0.0,0.7245340947332792,320.77,94.64299065420401,1754048132.996631,0.164886203086533,-2.841703787707064,0.0,1754048132.996631,map,base_link,0.04502224922180176,67.8628499507904
1754048133.0692856,1.5866462453757773,-2.7851089474582342,0.0,0.0,-0.0,-0.7510164716210675,-0.6602834689387902,0.036183062547359715,0.0,0.0,0.0,0.0,0.7565547436374626,320.54,97.35700934579278,1754048133.0593414,0.16802820011106023,-2.852561009833746,0.0,1754048133.0593414,map,base_link,0.049016714096069336,67.91186666488647
1754048133.1201644,1.5864136353433589,-2.7835109968481495,0.0,0.0,-0.0,-0.7615805931165763,-0.6480702123907593,0.03882310021666445,0.0,0.0,0.0,0.0,0.8095584478325135,320.38,99.20747663551224,1754048133.096674,0.17973239983280065,-2.843261669178247,0.0,1754048133.096674,map,base_link,0.05087876319885254,67.96274542808533
1754048133.1691241,1.5858078971907246,-2.7803389789414177,0.0,0.0,-0.0,-0.7780689874021024,-0.6281788366723818,0.0477356176968841,0.0,0.0,0.0,0.0,0.8307721444007902,320.08,102.16822429906381,1754048133.1591458,0.18205815263624592,-2.845502091059824,0.0,1754048133.1591458,map,base_link,0.04895973205566406,68.01170516014099
1754048133.2193694,1.5855125399320331,-2.77908137817112,0.0,0.0,-0.0,-0.7874480530566879,-0.6163810215582823,0.047707511248085706,0.0,0.0,0.0,0.0,0.8317801655456517,319.96,103.89532710280217,1754048133.196661,0.18291859996272564,-2.8459831170862646,0.0,1754048133.196661,map,base_link,0.05024528503417969,68.06195044517517
1754048133.2695098,1.584820837590709,-2.7765922264865845,0.0,0.0,-0.0,-0.803109138511672,-0.5958319491593583,0.041332510364374284,0.0,0.0,0.0,0.0,0.8261399615267193,319.7,106.85607476635356,1754048133.2591166,0.18585196917496605,-2.847309458010421,0.0,1754048133.2591166,map,base_link,0.050140380859375,68.11209082603455
1754048133.326353,1.5844276556752386,-2.7753616801825975,0.0,0.0,-0.0,-0.8119978523104373,-0.5836604216864779,0.038970546294023925,0.0,0.0,0.0,0.0,0.8111781703177432,319.58,108.5831775700917,1754048133.2966423,0.18189482145342373,-2.8430722316009622,0.0,1754048133.2966423,map,base_link,0.05684328079223633,68.16893410682678
1754048133.3707633,1.583543327955161,-2.772934290033386,0.0,0.0,-0.0,-0.8268054227660675,-0.5624880379924754,0.03955369393432069,0.0,0.0,0.0,0.0,0.8051111275670889,319.32,111.54392523364305,1754048133.3592794,0.18132477194381513,-2.837662784138713,0.0,1754048133.3592794,map,base_link,0.04441022872924805,68.21334433555603
1754048133.419162,1.582933251296205,-2.7714391753936143,0.0,0.0,-0.0,-0.8345963597149285,-0.5508619757712359,0.0423274932192909,0.0,0.0,0.0,0.0,0.7933467564041595,319.16,113.14766355139993,1754048133.396609,0.1825555697864676,-2.8387081060921724,0.0,1754048133.396609,map,base_link,0.048398733139038086,68.26174306869507
1754048133.4754765,1.582130863778616,-2.769675524920727,0.0,0.0,-0.0,-0.8474078394010482,-0.5309425145170118,0.03582796834410169,0.0,0.0,0.0,0.0,0.757675991840881,318.97,115.86168224298876,1754048133.4591641,0.19553073349950223,-2.8185914509969314,0.0,1754048133.4591641,map,base_link,0.05631446838378906,68.31805753707886
1754048133.519177,1.5812594463970122,-2.767944803615443,0.0,0.0,-0.0,-0.8553135573149722,-0.5181107204770115,0.03858358857251837,0.0,0.0,0.0,0.0,0.777998861937818,318.78,117.58878504672722,1754048133.4965777,0.19703207640054066,-2.8198164954789924,0.0,1754048133.4965777,map,base_link,0.043700456619262695,68.36175799369812
1754048133.5692573,1.5800163838009043,-2.7656800067674374,0.0,0.0,-0.0,-0.8673436092490306,-0.49770981856385443,0.04380331555694843,0.0,0.0,0.0,0.0,0.7732801138068067,318.52,120.30280373831604,1754048133.5594063,0.1995730068616961,-2.8209151494716656,0.0,1754048133.5594063,map,base_link,0.050080299377441406,68.41183829307556
1754048133.6237714,1.5788562403254458,-2.763739670951742,0.0,0.0,-0.0,-0.8731766052928176,-0.4874039556356831,0.04823709853304921,0.0,0.0,0.0,0.0,0.7280514020383629,318.29,121.65981308411031,1754048133.5995154,0.20135453441820061,-2.821618294646304,0.0,1754048133.5995154,map,base_link,0.054514169692993164,68.46635246276855
1754048133.6699228,1.57693078062386,-2.7607542958611346,0.0,0.0,-0.0,-0.8819500971323646,-0.47134279051260847,0.05506099317893907,0.0,0.0,0.0,0.0,0.645185982517114,317.94,123.75700934579251,1754048133.6590707,0.20505092678866754,-2.8235263131913437,0.0,1754048133.6590707,map,base_link,0.04615139961242676,68.51250386238098
1754048133.7194207,1.5758355924427736,-2.7591557089426404,0.0,0.0,-0.0,-0.8879654687589116,-0.4599101284944336,0.052991459581515896,0.0,0.0,0.0,0.0,0.605509551534789,317.75,125.2373831775683,1754048133.704522,0.20552250933533855,-2.8138851661429034,0.0,1754048133.704522,map,base_link,0.04949784278869629,68.56200170516968
1754048133.7695556,1.573926585178072,-2.7565508776398815,0.0,0.0,-0.0,-0.8957552719188613,-0.44454751470407167,0.058075041680968144,0.0,0.0,0.0,0.0,0.6010131464630184,317.42,127.21121495326918,1754048133.7595427,0.21060222933183992,-2.8137519017514396,0.0,1754048133.74671,map,base_link,0.050134897232055664,68.61213660240173
1754048133.8195417,1.572932142232969,-2.7552786476636815,0.0,0.0,-0.0,-0.9018889024198982,-0.4319680632776357,0.055473096107178675,0.0,0.0,0.0,0.0,0.6553917300265498,317.26,128.81495327102627,1754048133.7967048,0.21265756917346001,-2.815317300844137,0.0,1754048133.7967048,map,base_link,0.04998612403869629,68.66212272644043
1754048133.8695195,1.5714683025366956,-2.753556025304565,0.0,0.0,-0.0,-0.9114234127791979,-0.4114697590806885,0.04121461559376085,0.0,0.0,0.0,0.0,0.6904506872576274,317.04,131.40560747663375,1754048133.8591151,0.2151888963894062,-2.8258746280099967,0.0,1754048133.8591151,map,base_link,0.049977779388427734,68.71210050582886
1754048133.9193416,1.5708153253721193,-2.75284022093638,0.0,0.0,-0.0,-0.9162320750307034,-0.4006479560473653,0.03370879148511208,0.0,0.0,0.0,0.0,0.7086399348221738,316.95,132.76261682242807,1754048133.89656,0.21638518357161685,-2.815956907949852,0.0,1754048133.89656,map,base_link,0.049822092056274414,68.76192259788513
1754048133.9690413,1.5694733820012265,-2.7514424080314175,0.0,0.0,-0.0,-0.9229969485727878,-0.3848072672459844,0.03315230266874995,0.0,0.0,0.0,0.0,0.5966944426953062,316.76,134.736448598129,1754048133.9609895,0.2179934159937975,-2.817037778619363,0.0,1754048133.9609895,map,base_link,0.04969978332519531,68.81162238121033
1754048134.0219772,1.5687838120118047,-2.750761778172616,0.0,0.0,-0.0,-0.9258705848099887,-0.37784078681848193,0.03058152095573815,0.0,0.0,0.0,0.0,0.5182925820124161,316.67,135.59999999999818,1754048133.9965382,0.22971144738708382,-2.8164913307116404,0.0,1754048133.9965382,map,base_link,0.05293583869934082,68.86455821990967
1754048134.0694466,1.56831939993352,-2.750312831938553,0.0,0.0,-0.0,-0.928291858418857,-0.3718524244821657,0.022609642106755555,0.0,0.0,0.0,0.0,0.37096194820537903,316.6,136.3401869158859,1754048134.0602543,0.2605025113939996,-2.816475678231246,0.0,1754048134.0602543,map,base_link,0.047469377517700195,68.91202759742737
1754048134.1212924,1.5685532911074123,-2.7505355489440784,0.0,0.0,-0.0,-0.9286916411948335,-0.37085284895069465,0.005175610993817569,0.0,0.0,0.0,0.0,0.21954989234992922,316.64,136.46355140186736,1754048134.0971465,0.2510207674505436,-2.819255935319767,0.0,1754048134.0971465,map,base_link,0.05184578895568848,68.96387338638306
1754048134.168953,1.568787182281304,-2.7507582659496035,0.0,0.0,-0.0,-0.9282918584188575,-0.37185242448216427,-0.010358751000926402,0.0,0.0,0.0,0.0,0.0346191180312602,316.67,136.34018691588605,1754048134.1591911,0.23021007741057486,-2.825793731788964,0.0,1754048134.1591911,map,base_link,0.04766058921813965,69.0115339756012
1754048134.219601,1.5687871822813038,-2.750758265949603,0.0,0.0,-0.0,-0.9274890657233286,-0.3738502814813266,-0.0025829416481158232,0.0,0.0,0.0,0.0,-0.05174969293573499,316.67,136.09345794392334,1754048134.19654,0.2302100774105751,-2.8257937317889645,0.0,1754048134.19654,map,base_link,0.05064797401428223,69.06218194961548
1754048134.2691567,1.5687871822813038,-2.750758265949603,0.0,0.0,-0.0,-0.9274890657233286,-0.3738502814813266,-0.0025829416481158232,0.0,0.0,0.0,0.0,-0.05174969293573499,316.67,136.09345794392334,1754048134.2591174,0.2302100774105751,-2.8257937317889645,0.0,1754048134.2591174,map,base_link,0.04955577850341797,69.1117377281189
1754048134.3199897,1.5687871822813038,-2.750758265949603,0.0,0.0,-0.0,-0.9274890657233286,-0.3738502814813266,-1.0607433146002678e-14,0.0,0.0,0.0,0.0,-6.141198660714053e-14,316.67,136.09345794392334,1754048134.29667,0.2302100774105751,-2.8257937317889645,0.0,1754048134.29667,map,base_link,0.05083298683166504,69.16257071495056
1754048134.3689182,1.5685547345836865,-2.750534042815991,0.0,0.0,-0.0,-0.9270860567341946,-0.37484856063354655,0.002599546627029592,0.0,0.0,0.0,0.0,-0.01733031084699608,316.64,135.97009345794203,1754048134.359115,0.23047365080130455,-2.8259803785501845,0.0,1754048134.359115,map,base_link,0.04892849922180176,69.21149921417236
1754048134.419525,1.5685547345836865,-2.750534042815991,0.0,0.0,-0.0,-0.9270860567341946,-0.37484856063354655,0.002599546627029592,0.0,0.0,0.0,0.0,-0.01733031084699608,316.64,135.97009345794203,1754048134.3979695,0.23047365080130455,-2.8259803785501845,0.0,1754048134.3979695,map,base_link,0.050606727600097656,69.26210594177246
1754048134.4691026,1.568786698964354,-2.750758765916441,0.0,0.0,-0.0,-0.9266819732731701,-0.3758464053447147,-0.002574351477301843,0.0,0.0,0.0,0.0,-0.017162343182002982,316.67,135.84672897196072,1754048134.4591465,0.2302104798934297,-2.825793164717836,0.0,1754048134.4591465,map,base_link,0.04957771301269531,69.31168365478516
1754048134.5238097,1.568786698964354,-2.750758765916441,0.0,0.0,-0.0,-0.9266819732731701,-0.3758464053447147,-0.002574351477301843,0.0,0.0,0.0,0.0,-0.017162343182002982,316.67,135.84672897196072,1754048134.496609,0.2302104798934297,-2.825793164717836,0.0,1754048134.496609,map,base_link,0.05470705032348633,69.36639070510864
1754048134.5690858,1.568786698964354,-2.750758765916441,0.0,0.0,-0.0,-0.9266819732731701,-0.3758464053447147,-0.002574351477301843,0.0,0.0,0.0,0.0,-0.017162343182002982,316.67,135.84672897196072,1754048134.5590866,0.2302104798934297,-2.825793164717836,0.0,1754048134.5590866,map,base_link,0.04527616500854492,69.41166687011719
1754048134.6259208,1.568786698964354,-2.750758765916441,0.0,0.0,-0.0,-0.9266819732731701,-0.3758464053447147,-1.060748711090298e-14,0.0,0.0,0.0,0.0,-6.141198660714053e-14,316.67,135.84672897196072,1754048134.596776,0.2302104798934297,-2.825793164717836,0.0,1754048134.596776,map,base_link,0.05683493614196777,69.46850180625916
1754048134.6690469,1.568786698964354,-2.750758765916441,0.0,0.0,-0.0,-0.9266819732731701,-0.3758464053447147,-1.060748711090298e-14,0.0,0.0,0.0,0.0,-6.141198660714053e-14,316.67,135.84672897196072,1754048134.6591547,0.2302104798934297,-2.825793164717836,0.0,1754048134.6591547,map,base_link,0.04312610626220703,69.51162791252136
1754048134.7193239,1.568786698964354,-2.750758765916441,0.0,0.0,-0.0,-0.9266819732731701,-0.3758464053447147,-1.060748711090298e-14,0.0,0.0,0.0,0.0,-6.141198660714053e-14,316.67,135.84672897196072,1754048134.6972358,0.2302104798934297,-2.825793164717836,0.0,1754048134.6972358,map,base_link,0.050276994705200195,69.56190490722656
1754048134.7742743,1.568786698964354,-2.750758765916441,0.0,0.0,-0.0,-0.9266819732731701,-0.3758464053447147,-1.060748711090298e-14,0.0,0.0,0.0,0.0,-6.141198660714053e-14,316.67,135.84672897196072,1754048134.7591581,0.2302104798934297,-2.825793164717836,0.0,1754048134.7591581,map,base_link,0.05495047569274902,69.61685538291931
1754048134.8195217,1.568786698964354,-2.750758765916441,0.0,0.0,-0.0,-0.9266819732731701,-0.3758464053447147,-1.060748711090298e-14,0.0,0.0,0.0,0.0,-6.141198660714053e-14,316.67,135.84672897196072,1754048134.7965674,0.2302104798934297,-2.825793164717836,0.0,1754048134.7965674,map,base_link,0.04524731636047363,69.66210269927979
1754048134.87074,1.568786698964354,-2.750758765916441,0.0,0.0,-0.0,-0.9266819732731701,-0.3758464053447147,-1.060748711090298e-14,0.0,0.0,0.0,0.0,-6.141198660714053e-14,316.67,135.84672897196072,1754048134.8591166,0.2302104798934297,-2.825793164717836,0.0,1754048134.8591166,map,base_link,0.051218271255493164,69.71332097053528
1754048134.9191937,1.568786698964354,-2.750758765916441,0.0,0.0,-0.0,-0.9266819732731701,-0.3758464053447147,-1.060748711090298e-14,0.0,0.0,0.0,0.0,-6.141198660714053e-14,316.67,135.84672897196072,1754048134.8966858,0.2302104798934297,-2.825793164717836,0.0,1754048134.8966858,map,base_link,0.04845380783081055,69.76177477836609
1754048134.9689324,1.568786698964354,-2.750758765916441,0.0,0.0,-0.0,-0.9266819732731701,-0.3758464053447147,-1.060748711090298e-14,0.0,0.0,0.0,0.0,-6.141198660714053e-14,316.67,135.84672897196072,1754048134.959132,0.2302104798934297,-2.825793164717836,0.0,1754048134.959132,map,base_link,0.04973864555358887,69.81151342391968
1754048135.0218656,1.568786698964354,-2.750758765916441,0.0,0.0,-0.0,-0.9266819732731701,-0.3758464053447147,-1.060748711090298e-14,0.0,0.0,0.0,0.0,-6.141198660714053e-14,316.67,135.84672897196072,1754048134.9966135,0.2302104798934297,-2.825793164717836,0.0,1754048134.9966135,map,base_link,0.0529332160949707,69.86444664001465
1754048135.0692391,1.568786698964354,-2.750758765916441,0.0,0.0,-0.0,-0.9266819732731701,-0.3758464053447147,-1.060748711090298e-14,0.0,0.0,0.0,0.0,-6.141198660714053e-14,316.67,135.84672897196072,1754048135.0590518,0.2302104798934297,-2.825793164717836,0.0,1754048135.0590518,map,base_link,0.04737353324890137,69.91182017326355
1754048135.1217015,1.568786698964354,-2.750758765916441,0.0,0.0,-0.0,-0.9266819732731701,-0.3758464053447147,-1.060748711090298e-14,0.0,0.0,0.0,0.0,-6.141198660714053e-14,316.67,135.84672897196072,1754048135.0966249,0.2302104798934297,-2.825793164717836,0.0,1754048135.0966249,map,base_link,0.05246233940124512,69.9642825126648
1754048135.1689484,1.568786698964354,-2.750758765916441,0.0,0.0,-0.0,-0.9266819732731701,-0.3758464053447147,-1.060748711090298e-14,0.0,0.0,0.0,0.0,-6.141198660714053e-14,316.67,135.84672897196072,1754048135.159142,0.2302104798934297,-2.825793164717836,0.0,1754048135.159142,map,base_link,0.04724693298339844,70.0115294456482
1754048135.2194264,1.568786698964354,-2.750758765916441,0.0,0.0,-0.0,-0.9266819732731701,-0.3758464053447147,-1.060748711090298e-14,0.0,0.0,0.0,0.0,-6.141198660714053e-14,316.67,135.84672897196072,1754048135.1967058,0.2302104798934297,-2.825793164717836,0.0,1754048135.1967058,map,base_link,0.05047798156738281,70.06200742721558
1754048135.2694075,1.568786698964354,-2.750758765916441,0.0,0.0,-0.0,-0.9266819732731701,-0.3758464053447147,-1.060748711090298e-14,0.0,0.0,0.0,0.0,-6.141198660714053e-14,316.67,135.84672897196072,1754048135.2590835,0.2302104798934297,-2.825793164717836,0.0,1754048135.2590835,map,base_link,0.049981117248535156,70.11198854446411
1754048135.3193989,1.568786698964354,-2.750758765916441,0.0,0.0,-0.0,-0.9266819732731701,-0.3758464053447147,-1.060748711090298e-14,0.0,0.0,0.0,0.0,-6.141198660714053e-14,316.67,135.84672897196072,1754048135.296661,0.2302104798934297,-2.825793164717836,0.0,1754048135.296661,map,base_link,0.04999136924743652,70.16197991371155
1754048135.3795788,1.568786698964354,-2.750758765916441,0.0,0.0,-0.0,-0.9266819732731701,-0.3758464053447147,-1.060748711090298e-14,0.0,0.0,0.0,0.0,-6.141198660714053e-14,316.67,135.84672897196072,1754048135.359224,0.2302104798934297,-2.825793164717836,0.0,1754048135.359224,map,base_link,0.060179948806762695,70.22215986251831
1754048135.4198976,1.568786698964354,-2.750758765916441,0.0,0.0,-0.0,-0.9266819732731701,-0.3758464053447147,-1.060748711090298e-14,0.0,0.0,0.0,0.0,-6.141198660714053e-14,316.67,135.84672897196072,1754048135.3965335,0.2302104798934297,-2.825793164717836,0.0,1754048135.3965335,map,base_link,0.04031872749328613,70.2624785900116
1754048135.4692516,1.568786698964354,-2.750758765916441,0.0,0.0,-0.0,-0.9266819732731701,-0.3758464053447147,-1.060748711090298e-14,0.0,0.0,0.0,0.0,-6.141198660714053e-14,316.67,135.84672897196072,1754048135.4590793,0.2302104798934297,-2.825793164717836,0.0,1754048135.4590793,map,base_link,0.04935407638549805,70.3118326663971
1754048135.520115,1.5685552189760021,-2.750533543890948,0.0,0.0,-0.0,-0.9262768158085787,-0.3768438144583514,0.0025641183936116678,0.0,0.0,0.0,0.0,-0.017094122624209916,316.64,135.72336448597946,1754048135.4968228,0.2304732470984141,-2.825980944753408,0.0,1754048135.4968228,map,base_link,0.05086326599121094,70.3626959323883
1754048135.5692775,1.5687862134989181,-2.750759263797375,0.0,0.0,-0.0,-0.9258705848099887,-0.37784078681848193,-2.0893432716305795e-05,0.0,0.0,0.0,0.0,-0.03432753479972974,316.67,135.59999999999818,1754048135.559066,0.23021088481448526,-2.825792599385144,0.0,1754048135.559066,map,base_link,0.04916262626647949,70.41185855865479
1754048135.6201177,1.5687862134989181,-2.750759263797375,0.0,0.0,-0.0,-0.9258705848099887,-0.37784078681848193,-0.0025850118263385812,0.0,0.0,0.0,0.0,-0.01723341217558124,316.67,135.59999999999818,1754048135.5977788,0.23021088481448526,-2.825792599385144,0.0,1754048135.5977788,map,base_link,0.050840139389038086,70.46269869804382
1754048135.6691434,1.5687862134989181,-2.750759263797375,0.0,0.0,-0.0,-0.9258705848099887,-0.37784078681848193,-1.060748711090298e-14,0.0,0.0,0.0,0.0,-6.141476216470209e-14,316.67,135.59999999999818,1754048135.659151,0.23021088481448526,-2.825792599385144,0.0,1754048135.659151,map,base_link,0.049025774002075195,70.5117244720459
1754048135.7307003,1.5687862134989181,-2.750759263797375,0.0,0.0,-0.0,-0.9258705848099887,-0.37784078681848193,-1.060748711090298e-14,0.0,0.0,0.0,0.0,-6.141476216470209e-14,316.67,135.59999999999818,1754048135.6966593,0.23021088481448526,-2.825792599385144,0.0,1754048135.6966593,map,base_link,0.06155681610107422,70.57328128814697
1754048135.7690463,1.5687862134989181,-2.750759263797375,0.0,0.0,-0.0,-0.9258705848099887,-0.37784078681848193,-1.060748711090298e-14,0.0,0.0,0.0,0.0,-6.141476216470209e-14,316.67,135.59999999999818,1754048135.7590246,0.23021088481448526,-2.825792599385144,0.0,1754048135.7590246,map,base_link,0.038346052169799805,70.61162734031677
1754048135.819265,1.5687862134989181,-2.750759263797375,0.0,0.0,-0.0,-0.9258705848099887,-0.37784078681848193,-1.060748711090298e-14,0.0,0.0,0.0,0.0,-6.141476216470209e-14,316.67,135.59999999999818,1754048135.7966518,0.23021088481448526,-2.825792599385144,0.0,1754048135.7966518,map,base_link,0.05021858215332031,70.66184592247009
1754048135.8689585,1.5687862134989181,-2.750759263797375,0.0,0.0,-0.0,-0.9258705848099887,-0.37784078681848193,-1.060748711090298e-14,0.0,0.0,0.0,0.0,-6.141476216470209e-14,316.67,135.59999999999818,1754048135.8591502,0.23021088481448526,-2.825792599385144,0.0,1754048135.8591502,map,base_link,0.04969358444213867,70.71153950691223
1754048135.9193878,1.5687862134989181,-2.750759263797375,0.0,0.0,-0.0,-0.9258705848099887,-0.37784078681848193,-1.060748711090298e-14,0.0,0.0,0.0,0.0,-6.141476216470209e-14,316.67,135.59999999999818,1754048135.8966897,0.23021088481448526,-2.825792599385144,0.0,1754048135.8966897,map,base_link,0.050429344177246094,70.76196885108948
1754048135.9731076,1.5687862134989181,-2.750759263797375,0.0,0.0,-0.0,-0.9258705848099887,-0.37784078681848193,-1.060748711090298e-14,0.0,0.0,0.0,0.0,-6.141476216470209e-14,316.67,135.59999999999818,1754048135.959123,0.23021088481448526,-2.825792599385144,0.0,1754048135.959123,map,base_link,0.05371975898742676,70.8156886100769
1754048136.019638,1.5687862134989181,-2.750759263797375,0.0,0.0,-0.0,-0.9258705848099887,-0.37784078681848193,-1.060748711090298e-14,0.0,0.0,0.0,0.0,-6.141476216470209e-14,316.67,135.59999999999818,1754048135.996702,0.23021088481448526,-2.825792599385144,0.0,1754048135.996702,map,base_link,0.04653048515319824,70.8622190952301
1754048136.0690358,1.5687862134989181,-2.750759263797375,0.0,0.0,-0.0,-0.9258705848099887,-0.37784078681848193,-1.060748711090298e-14,0.0,0.0,0.0,0.0,-6.141476216470209e-14,316.67,135.59999999999818,1754048136.0589921,0.23021088481448526,-2.825792599385144,0.0,1754048136.0589921,map,base_link,0.04939770698547363,70.91161680221558
1754048136.1217816,1.5687862134989181,-2.750759263797375,0.0,0.0,-0.0,-0.9258705848099887,-0.37784078681848193,-1.060748711090298e-14,0.0,0.0,0.0,0.0,-6.141476216470209e-14,316.67,135.59999999999818,1754048136.096729,0.23021088481448526,-2.825792599385144,0.0,1754048136.084154,map,base_link,0.052745819091796875,70.96436262130737
1754048136.1694481,1.5687862134989181,-2.750759263797375,0.0,0.0,-0.0,-0.9258705848099887,-0.37784078681848193,-1.060748711090298e-14,0.0,0.0,0.0,0.0,-6.141476216470209e-14,316.67,135.59999999999818,1754048136.1591523,0.23021088481448526,-2.825792599385145,0.0,1754048136.1591523,map,base_link,0.04766654968261719,71.01202917098999
1754048136.2344384,1.5687862134989181,-2.750759263797375,0.0,0.0,-0.0,-0.9258705848099887,-0.37784078681848193,-1.060748711090298e-14,0.0,0.0,0.0,0.0,-6.141476216470209e-14,316.67,135.59999999999818,1754048136.196696,0.23021088481448526,-2.825792599385144,0.0,1754048136.196696,map,base_link,0.06499028205871582,71.0770194530487
1754048136.2692957,1.5687862134989181,-2.750759263797375,0.0,0.0,-0.0,-0.9258705848099887,-0.37784078681848193,-1.060748711090298e-14,0.0,0.0,0.0,0.0,-6.141476216470209e-14,316.67,135.59999999999818,1754048136.259113,0.23021088481448526,-2.825792599385144,0.0,1754048136.259113,map,base_link,0.03485727310180664,71.11187672615051
1754048136.3193252,1.5687862134989181,-2.750759263797375,0.0,0.0,-0.0,-0.9258705848099887,-0.37784078681848193,-1.060748711090298e-14,0.0,0.0,0.0,0.0,-6.141476216470209e-14,316.67,135.59999999999818,1754048136.2966259,0.23021088481448526,-2.825792599385144,0.0,1754048136.2966259,map,base_link,0.05002951622009277,71.1619062423706
1754048136.3692312,1.5687862134989181,-2.750759263797375,0.0,0.0,-0.0,-0.9258705848099887,-0.37784078681848193,-1.060748711090298e-14,0.0,0.0,0.0,0.0,-6.141476216470209e-14,316.67,135.59999999999818,1754048136.359234,0.23021088481448526,-2.825792599385144,0.0,1754048136.359234,map,base_link,0.049906015396118164,71.21181225776672
1754048136.4195626,1.5687862134989181,-2.750759263797375,0.0,0.0,-0.0,-0.9258705848099887,-0.37784078681848193,-1.060748711090298e-14,0.0,0.0,0.0,0.0,-6.141476216470209e-14,316.67,135.59999999999818,1754048136.3969898,0.23021088481448526,-2.825792599385144,0.0,1754048136.3969898,map,base_link,0.05033135414123535,71.26214361190796
1754048136.470187,1.5687862134989181,-2.750759263797375,0.0,0.0,-0.0,-0.9258705848099887,-0.37784078681848193,-1.060748711090298e-14,0.0,0.0,0.0,0.0,-6.141476216470209e-14,316.67,135.59999999999818,1754048136.459078,0.23021088481448526,-2.825792599385144,0.0,1754048136.459078,map,base_link,0.05062437057495117,71.31276798248291
1754048136.5198867,1.5687862134989181,-2.750759263797375,0.0,0.0,-0.0,-0.9258705848099887,-0.37784078681848193,-1.060748711090298e-14,0.0,0.0,0.0,0.0,-6.141476216470209e-14,316.67,135.59999999999818,1754048136.496665,0.23021088481448526,-2.825792599385144,0.0,1754048136.496665,map,base_link,0.04969978332519531,71.3624677658081
1754048136.569017,1.5687857258939992,-2.7507597595831723,0.0,0.0,-0.0,-0.9250549040953064,-0.37983341665685944,-6.174618902348022e-05,0.0,0.0,0.0,0.0,-0.03452047355421047,316.67,135.3532710280354,1754048136.559076,0.23021129216623293,-2.825792035801373,0.0,1754048136.559076,map,base_link,0.04913020133972168,71.41159796714783
1754048136.6200297,1.5687857258939992,-2.7507597595831723,0.0,0.0,-0.0,-0.9250549040953064,-0.37983341665685944,-6.174618902348022e-05,0.0,0.0,0.0,0.0,-0.03452047355421047,316.67,135.3532710280354,1754048136.5966272,0.23021129216623293,-2.825792035801373,0.0,1754048136.5966272,map,base_link,0.05101275444030762,71.46261072158813
1754048136.6690254,1.5687857258939992,-2.7507597595831723,0.0,0.0,-0.0,-0.9250549040953064,-0.37983341665685944,-1.060748711090298e-14,0.0,0.0,0.0,0.0,-6.141476216470209e-14,316.67,135.3532710280354,1754048136.6590977,0.23021129216623293,-2.825792035801373,0.0,1754048136.6590977,map,base_link,0.0489957332611084,71.51160645484924
1754048136.7209694,1.5687857258939992,-2.7507597595831723,0.0,0.0,-0.0,-0.9250549040953064,-0.37983341665685944,-1.060748711090298e-14,0.0,0.0,0.0,0.0,-6.141476216470209e-14,316.67,135.3532710280354,1754048136.6967382,0.23021129216623293,-2.825792035801373,0.0,1754048136.6967382,map,base_link,0.05194401741027832,71.56355047225952
1754048136.7694106,1.5687857258939992,-2.7507597595831723,0.0,0.0,-0.0,-0.9250549040953064,-0.37983341665685944,-1.060748711090298e-14,0.0,0.0,0.0,0.0,-6.141476216470209e-14,316.67,135.3532710280354,1754048136.7590206,0.23021129216623293,-2.8257920358013737,0.0,1754048136.7590206,map,base_link,0.048441171646118164,71.61199164390564
1754048136.8200738,1.5687857258939992,-2.7507597595831723,0.0,0.0,-0.0,-0.9250549040953064,-0.37983341665685944,-1.060748711090298e-14,0.0,0.0,0.0,0.0,-6.141476216470209e-14,316.67,135.3532710280354,1754048136.7965739,0.23021129216623293,-2.825792035801373,0.0,1754048136.7965739,map,base_link,0.05066323280334473,71.66265487670898
1754048136.8689315,1.5687857258939992,-2.7507597595831723,0.0,0.0,-0.0,-0.9250549040953064,-0.37983341665685944,-1.060748711090298e-14,0.0,0.0,0.0,0.0,-6.141476216470209e-14,316.67,135.3532710280354,1754048136.8590653,0.23021129216623293,-2.825792035801373,0.0,1754048136.8590653,map,base_link,0.048857688903808594,71.7115125656128
1754048136.919336,1.5687857258939992,-2.7507597595831723,0.0,0.0,-0.0,-0.9250549040953064,-0.37983341665685944,-1.060748711090298e-14,0.0,0.0,0.0,0.0,-6.141476216470209e-14,316.67,135.3532710280354,1754048136.896564,0.23021129216623293,-2.825792035801373,0.0,1754048136.896564,map,base_link,0.05040454864501953,71.76191711425781
1754048136.9758089,1.5687857258939992,-2.7507597595831723,0.0,0.0,-0.0,-0.9250549040953064,-0.37983341665685944,-1.060748711090298e-14,0.0,0.0,0.0,0.0,-6.141476216470209e-14,316.67,135.3532710280354,1754048136.959013,0.23021129216623293,-2.825792035801373,0.0,1754048136.959013,map,base_link,0.0564727783203125,71.81838989257812
1754048137.0194535,1.5687857258939992,-2.7507597595831723,0.0,0.0,-0.0,-0.9250549040953064,-0.37983341665685944,-1.060748711090298e-14,0.0,0.0,0.0,0.0,-6.141476216470209e-14,316.67,135.3532710280354,1754048136.9980106,0.23021129216623293,-2.825792035801373,0.0,1754048136.9980106,map,base_link,0.04364466667175293,71.86203455924988
1754048137.0688884,1.5687857258939992,-2.7507597595831723,0.0,0.0,-0.0,-0.9250549040953064,-0.37983341665685944,-1.060748711090298e-14,0.0,0.0,0.0,0.0,-6.141476216470209e-14,316.67,135.3532710280354,1754048137.059081,0.23021129216623293,-2.825792035801373,0.0,1754048137.059081,map,base_link,0.04943490028381348,71.91146945953369
1754048137.1229293,1.5687857258939992,-2.7507597595831723,0.0,0.0,-0.0,-0.9250549040953064,-0.37983341665685944,-1.060748711090298e-14,0.0,0.0,0.0,0.0,-6.141476216470209e-14,316.67,135.3532710280354,1754048137.0967445,0.23021129216623293,-2.825792035801373,0.0,1754048137.0967445,map,base_link,0.05404090881347656,71.96551036834717
1754048137.1691902,1.5687857258939992,-2.7507597595831723,0.0,0.0,-0.0,-0.9250549040953064,-0.37983341665685944,-1.060748711090298e-14,0.0,0.0,0.0,0.0,-6.141476216470209e-14,316.67,135.3532710280354,1754048137.1589892,0.23021129216623293,-2.825792035801373,0.0,1754048137.1589892,map,base_link,0.046260833740234375,72.0117712020874
1754048137.233317,1.5687857258939992,-2.7507597595831723,0.0,0.0,-0.0,-0.9250549040953064,-0.37983341665685944,-1.060748711090298e-14,0.0,0.0,0.0,0.0,-6.141476216470209e-14,316.67,135.3532710280354,1754048137.1965764,0.23021129216623293,-2.825792035801373,0.0,1754048137.1965764,map,base_link,0.06412672996520996,72.07589793205261
1754048137.2691667,1.5687857258939992,-2.7507597595831723,0.0,0.0,-0.0,-0.9250549040953064,-0.37983341665685944,-1.060748711090298e-14,0.0,0.0,0.0,0.0,-6.141476216470209e-14,316.67,135.3532710280354,1754048137.25911,0.23021129216623293,-2.825792035801373,0.0,1754048137.25911,map,base_link,0.035849809646606445,72.11174774169922
1754048137.3190875,1.5687857258939992,-2.7507597595831723,0.0,0.0,-0.0,-0.9250549040953064,-0.37983341665685944,-1.060748711090298e-14,0.0,0.0,0.0,0.0,-6.141476216470209e-14,316.67,135.3532710280354,1754048137.296654,0.23021129216623293,-2.825792035801373,0.0,1754048137.296654,map,base_link,0.04992079734802246,72.16166853904724
1754048137.3693197,1.5683271522085216,-2.750304851378669,0.0,0.0,-0.0,-0.9242349349105453,-0.3818242856221956,0.005206586919771267,0.0,0.0,0.0,0.0,-0.03471057946527391,316.6,135.10654205607267,1754048137.359144,0.230733162852494,-2.826172669859699,0.0,1754048137.359144,map,base_link,0.0502321720123291,72.21190071105957
1754048137.4199371,1.5683271522085216,-2.750304851378669,0.0,0.0,-0.0,-0.9242349349105453,-0.3818242856221956,0.005206586919771267,0.0,0.0,0.0,0.0,-0.03471057946527391,316.6,135.10654205607267,1754048137.3966112,0.230733162852494,-2.826172669859699,0.0,1754048137.3966112,map,base_link,0.05061745643615723,72.26251816749573
1754048137.4840531,1.5683271522085216,-2.750304851378669,0.0,0.0,-0.0,-0.9242349349105453,-0.3818242856221956,0.0026034435488679884,0.0,0.0,0.0,0.0,-0.017356290325918716,316.6,135.10654205607267,1754048137.4590356,0.230733162852494,-2.826172669859699,0.0,1754048137.4590356,map,base_link,0.06411600112915039,72.32663416862488
1754048137.519351,1.5683271522085216,-2.750304851378669,0.0,0.0,-0.0,-0.9242349349105453,-0.3818242856221956,-1.0607140166207785e-14,0.0,0.0,0.0,0.0,-6.141198660714053e-14,316.6,135.10654205607267,1754048137.496928,0.230733162852494,-2.826172669859699,0.0,1754048137.496928,map,base_link,0.03529787063598633,72.36193203926086
1754048137.5691292,1.5683271522085216,-2.750304851378669,0.0,0.0,-0.0,-0.9242349349105453,-0.3818242856221956,-1.0607140166207785e-14,0.0,0.0,0.0,0.0,-6.141198660714053e-14,316.6,135.10654205607267,1754048137.55903,0.230733162852494,-2.826172669859699,0.0,1754048137.55903,map,base_link,0.04977822303771973,72.41171026229858
1754048137.6189845,1.5683271522085216,-2.750304851378669,0.0,0.0,-0.0,-0.9242349349105453,-0.3818242856221956,-1.0607140166207785e-14,0.0,0.0,0.0,0.0,-6.141198660714053e-14,316.6,135.10654205607267,1754048137.5966954,0.230733162852494,-2.826172669859699,0.0,1754048137.5966954,map,base_link,0.04985523223876953,72.46156549453735
1754048137.6690872,1.5683271522085216,-2.750304851378669,0.0,0.0,-0.0,-0.9242349349105453,-0.3818242856221956,-1.0607140166207785e-14,0.0,0.0,0.0,0.0,-6.141198660714053e-14,316.6,135.10654205607267,1754048137.6591392,0.230733162852494,-2.826172669859699,0.0,1754048137.6591392,map,base_link,0.05010271072387695,72.51166820526123
1754048137.724312,1.5683271522085216,-2.750304851378669,0.0,0.0,-0.0,-0.9242349349105453,-0.3818242856221956,-1.0607140166207785e-14,0.0,0.0,0.0,0.0,-6.141198660714053e-14,316.6,135.10654205607267,1754048137.6967072,0.230733162852494,-2.826172669859699,0.0,1754048137.6967072,map,base_link,0.05522489547729492,72.56689310073853
1754048137.7693894,1.5683271522085216,-2.750304851378669,0.0,0.0,-0.0,-0.9242349349105453,-0.3818242856221956,-1.0607140166207785e-14,0.0,0.0,0.0,0.0,-6.141198660714053e-14,316.6,135.10654205607267,1754048137.759146,0.230733162852494,-2.826172669859699,0.0,1754048137.759146,map,base_link,0.04507732391357422,72.6119704246521
1754048137.8237495,1.5683271522085216,-2.750304851378669,0.0,0.0,-0.0,-0.9242349349105453,-0.3818242856221956,-1.0607140166207785e-14,0.0,0.0,0.0,0.0,-6.141198660714053e-14,316.6,135.10654205607267,1754048137.7966309,0.230733162852494,-2.826172669859699,0.0,1754048137.7966309,map,base_link,0.054360151290893555,72.666330575943
1754048137.8691556,1.5683271522085216,-2.750304851378669,0.0,0.0,-0.0,-0.9242349349105453,-0.3818242856221956,-1.0607140166207785e-14,0.0,0.0,0.0,0.0,-6.141198660714053e-14,316.6,135.10654205607267,1754048137.8591483,0.230733162852494,-2.826172669859699,0.0,1754048137.8591483,map,base_link,0.04540610313415527,72.71173667907715
1754048137.9192035,1.5683271522085216,-2.750304851378669,0.0,0.0,-0.0,-0.9242349349105453,-0.3818242856221956,-1.0607140166207785e-14,0.0,0.0,0.0,0.0,-6.141198660714053e-14,316.6,135.10654205607267,1754048137.9007177,0.230733162852494,-2.826172669859699,0.0,1754048137.9007177,map,base_link,0.050047874450683594,72.76178455352783
1754048137.9696753,1.5683271522085216,-2.750304851378669,0.0,0.0,-0.0,-0.9242349349105453,-0.3818242856221956,-1.0607140166207785e-14,0.0,0.0,0.0,0.0,-6.141198660714053e-14,316.6,135.10654205607267,1754048137.9591446,0.230733162852494,-2.826172669859699,0.0,1754048137.9591446,map,base_link,0.05047178268432617,72.81225633621216
1754048138.0200577,1.5683271522085216,-2.750304851378669,0.0,0.0,-0.0,-0.9242349349105453,-0.3818242856221956,-1.0607140166207785e-14,0.0,0.0,0.0,0.0,-6.141198660714053e-14,316.6,135.10654205607267,1754048137.9965956,0.230733162852494,-2.826172669859699,0.0,1754048137.9965956,map,base_link,0.050382375717163086,72.86263871192932
1754048138.0736234,1.5683271522085216,-2.750304851378669,0.0,0.0,-0.0,-0.9242349349105453,-0.3818242856221956,-1.0607140166207785e-14,0.0,0.0,0.0,0.0,-6.141198660714053e-14,316.6,135.10654205607267,1754048138.0591354,0.230733162852494,-2.826172669859699,0.0,1754048138.0591354,map,base_link,0.05356574058532715,72.91620445251465
1754048138.119124,1.5683271522085216,-2.750304851378669,0.0,0.0,-0.0,-0.9242349349105453,-0.3818242856221956,-1.0607140166207785e-14,0.0,0.0,0.0,0.0,-6.141198660714053e-14,316.6,135.10654205607267,1754048138.096753,0.230733162852494,-2.826172669859699,0.0,1754048138.096753,map,base_link,0.04550051689147949,72.96170496940613
1754048138.1695082,1.5683271522085216,-2.750304851378669,0.0,0.0,-0.0,-0.9242349349105453,-0.3818242856221956,-1.0607140166207785e-14,0.0,0.0,0.0,0.0,-6.141198660714053e-14,316.6,135.10654205607267,1754048138.1589763,0.230733162852494,-2.826172669859699,0.0,1754048138.1589763,map,base_link,0.0503842830657959,73.01208925247192
1754048138.219134,1.5683271522085216,-2.750304851378669,0.0,0.0,-0.0,-0.9242349349105453,-0.3818242856221956,-1.0607140166207785e-14,0.0,0.0,0.0,0.0,-6.141198660714053e-14,316.6,135.10654205607267,1754048138.196756,0.230733162852494,-2.826172669859699,0.0,1754048138.196756,map,base_link,0.04962587356567383,73.0617151260376
1754048138.269139,1.5683271522085216,-2.750304851378669,0.0,0.0,-0.0,-0.9242349349105453,-0.3818242856221956,-1.0607140166207785e-14,0.0,0.0,0.0,0.0,-6.141198660714053e-14,316.6,135.10654205607267,1754048138.2590914,0.230733162852494,-2.826172669859699,0.0,1754048138.2590914,map,base_link,0.05000495910644531,73.11172008514404
1754048138.3256774,1.5683271522085216,-2.750304851378669,0.0,0.0,-0.0,-0.9242349349105453,-0.3818242856221956,-1.0607140166207785e-14,0.0,0.0,0.0,0.0,-6.141198660714053e-14,316.6,135.10654205607267,1754048138.297006,0.230733162852494,-2.826172669859699,0.0,1754048138.297006,map,base_link,0.05653834342956543,73.16825842857361
1754048138.369342,1.5683271522085216,-2.750304851378669,0.0,0.0,-0.0,-0.9242349349105453,-0.3818242856221956,-1.0607140166207785e-14,0.0,0.0,0.0,0.0,-6.141198660714053e-14,316.6,135.10654205607267,1754048138.3590996,0.230733162852494,-2.826172669859699,0.0,1754048138.3590996,map,base_link,0.04366469383239746,73.211923122406
1754048138.419516,1.5683271522085216,-2.750304851378669,0.0,0.0,-0.0,-0.9242349349105453,-0.3818242856221956,-1.0607140166207785e-14,0.0,0.0,0.0,0.0,-6.141198660714053e-14,316.6,135.10654205607267,1754048138.3972023,0.230733162852494,-2.826172669859699,0.0,1754048138.3972023,map,base_link,0.05017399787902832,73.26209712028503
1754048138.4691827,1.5683271522085216,-2.750304851378669,0.0,0.0,-0.0,-0.9242349349105453,-0.3818242856221956,-1.0607140166207785e-14,0.0,0.0,0.0,0.0,-6.141198660714053e-14,316.6,135.10654205607267,1754048138.4591236,0.230733162852494,-2.826172669859698,0.0,1754048138.4591236,map,base_link,0.049666643142700195,73.31176376342773
1754048138.519033,1.5683271522085216,-2.750304851378669,0.0,0.0,-0.0,-0.9242349349105453,-0.3818242856221956,-1.0607140166207785e-14,0.0,0.0,0.0,0.0,-6.141198660714053e-14,316.6,135.10654205607267,1754048138.496723,0.230733162852494,-2.826172669859699,0.0,1754048138.496723,map,base_link,0.0498502254486084,73.36161398887634
1754048138.5783145,1.5683271522085216,-2.750304851378669,0.0,0.0,-0.0,-0.9242349349105453,-0.3818242856221956,-1.0607140166207785e-14,0.0,0.0,0.0,0.0,-6.141198660714053e-14,316.6,135.10654205607267,1754048138.5590546,0.230733162852494,-2.826172669859699,0.0,1754048138.5590546,map,base_link,0.05928158760070801,73.42089557647705
1754048138.6209657,1.5683271522085216,-2.750304851378669,0.0,0.0,-0.0,-0.9242349349105453,-0.3818242856221956,-1.0607140166207785e-14,0.0,0.0,0.0,0.0,-6.141198660714053e-14,316.6,135.10654205607267,1754048138.596701,0.230733162852494,-2.826172669859699,0.0,1754048138.596701,map,base_link,0.04265117645263672,73.46354675292969
1754048138.6690621,1.5683271522085216,-2.750304851378669,0.0,0.0,-0.0,-0.9242349349105453,-0.3818242856221956,-1.0607140166207785e-14,0.0,0.0,0.0,0.0,-6.141198660714053e-14,316.6,135.10654205607267,1754048138.659176,0.230733162852494,-2.826172669859699,0.0,1754048138.659176,map,base_link,0.048096418380737305,73.51164317131042
1754048138.7197025,1.5683271522085216,-2.750304851378669,0.0,0.0,-0.0,-0.9242349349105453,-0.3818242856221956,-1.0607140166207785e-14,0.0,0.0,0.0,0.0,-6.141198660714053e-14,316.6,135.10654205607267,1754048138.6967928,0.230733162852494,-2.826172669859699,0.0,1754048138.6967928,map,base_link,0.05064034461975098,73.56228351593018
1754048138.7692823,1.5683271522085216,-2.750304851378669,0.0,0.0,-0.0,-0.9242349349105453,-0.3818242856221956,-1.0607140166207785e-14,0.0,0.0,0.0,0.0,-6.141198660714053e-14,316.6,135.10654205607267,1754048138.7591035,0.230733162852494,-2.826172669859699,0.0,1754048138.7591035,map,base_link,0.04957985877990723,73.61186337471008
1754048138.8408594,1.5683271522085216,-2.750304851378669,0.0,0.0,-0.0,-0.9242349349105453,-0.3818242856221956,-1.0607140166207785e-14,0.0,0.0,0.0,0.0,-6.141198660714053e-14,316.6,135.10654205607267,1754048138.796807,0.230733162852494,-2.826172669859699,0.0,1754048138.796807,map,base_link,0.07157707214355469,73.68344044685364
1754048138.8697512,1.5683271522085216,-2.750304851378669,0.0,0.0,-0.0,-0.9242349349105453,-0.3818242856221956,-1.0607140166207785e-14,0.0,0.0,0.0,0.0,-6.141198660714053e-14,316.6,135.10654205607267,1754048138.859059,0.230733162852494,-2.826172669859699,0.0,1754048138.859059,map,base_link,0.028891801834106445,73.71233224868774
1754048138.9198778,1.5683271522085216,-2.750304851378669,0.0,0.0,-0.0,-0.9242349349105453,-0.3818242856221956,-1.0607140166207785e-14,0.0,0.0,0.0,0.0,-6.141198660714053e-14,316.6,135.10654205607267,1754048138.8965702,0.230733162852494,-2.826172669859699,0.0,1754048138.8965702,map,base_link,0.05012655258178711,73.76245880126953
1754048138.9709265,1.5683271522085216,-2.750304851378669,0.0,0.0,-0.0,-0.9242349349105453,-0.3818242856221956,-1.0607140166207785e-14,0.0,0.0,0.0,0.0,-6.141198660714053e-14,316.6,135.10654205607267,1754048138.9591622,0.230733162852494,-2.826172669859699,0.0,1754048138.9347758,map,base_link,0.05104875564575195,73.81350755691528
1754048139.0204883,1.5683271522085216,-2.750304851378669,0.0,0.0,-0.0,-0.9242349349105453,-0.3818242856221956,-1.0607140166207785e-14,0.0,0.0,0.0,0.0,-6.141198660714053e-14,316.6,135.10654205607267,1754048139.00169,0.230733162852494,-2.826172669859699,0.0,1754048139.00169,map,base_link,0.04956173896789551,73.86306929588318
1754048139.0690863,1.5680986010306421,-2.75007665780982,0.0,0.0,-0.0,-0.9238233433290169,-0.38281905689293644,0.0026101153150220246,0.0,0.0,0.0,0.0,-0.017400768766945622,316.57,134.98317757009158,1754048139.059083,0.2309934823245714,-2.826363828741867,0.0,1754048139.059083,map,base_link,0.04859805107116699,73.91166734695435
1754048139.119483,1.5676429753023073,-2.7496187970283428,0.0,0.0,-0.0,-0.9229969485727878,-0.3848072672459844,0.007763771905799513,0.0,0.0,0.0,0.0,-0.051758479372128886,316.51,134.736448598129,1754048139.0967236,0.23151288349254173,-2.826747825781239,0.0,1754048139.0967236,map,base_link,0.05039668083190918,73.96206402778625
1754048139.1695263,1.567415902864091,-2.7493891319383152,0.0,0.0,-0.0,-0.9225821463558601,-0.38580070402400046,0.010245085897249902,0.0,0.0,0.0,0.0,-0.06830057264846481,316.48,134.61308411214753,1754048139.1590347,0.23177196278053813,-2.826940662158269,0.0,1754048139.1590347,map,base_link,0.050043344497680664,74.01210737228394
1754048139.230056,1.5669632441029933,-2.748928337683211,0.0,0.0,-0.0,-0.9217493346481122,-0.38778623502615783,0.012784629124004082,0.0,0.0,0.0,0.0,-0.08523086082682599,316.42,134.36635514018496,1754048139.1966705,0.2322888727592176,-2.8273280061571606,0.0,1754048139.1966705,map,base_link,0.06052970886230469,74.07263708114624
1754048139.2693648,1.5665125738201182,-2.748465598452467,0.0,0.0,-0.0,-0.9209122497946035,-0.3897699682867341,0.01027543371220847,0.0,0.0,0.0,0.0,-0.06850289141485524,316.35,134.11962616822237,1754048139.259129,0.23280410995688294,-2.827717572492562,0.0,1754048139.259129,map,base_link,0.039308786392211914,74.11194586753845
1754048139.3192117,1.5660639003725216,-2.7480009228269413,0.0,0.0,-0.0,-0.9200708956759832,-0.39175189460932297,0.012934807851920823,0.0,0.0,0.0,0.0,-0.08623205234627093,316.29,133.87289719625983,1754048139.2966774,0.23331766481917526,-2.8281093539405044,0.0,1754048139.2966774,map,base_link,0.04984688758850098,74.16179275512695
1754048139.3695438,1.5651725772260876,-2.7470657968943515,0.0,0.0,-0.0,-0.9183753952649433,-0.39571028969684274,0.015559309991028563,0.0,0.0,0.0,0.0,-0.10372873327365591,316.17,133.37943925233432,1754048139.359105,0.23433968947636252,-2.8288995330728994,0.0,1754048139.359105,map,base_link,0.050332069396972656,74.21212482452393
1754048139.4194686,1.5645093881682062,-2.746359433755374,0.0,0.0,-0.0,-0.9170925922890502,-0.39867427452564597,0.02076345614178286,0.0,0.0,0.0,0.0,-0.13842304094535124,316.07,133.00934579439064,1754048139.3966885,0.23510172123904116,-2.829497927761436,0.0,1754048139.3966885,map,base_link,0.04992485046386719,74.2620496749878
1754048139.4774146,1.5629797918050692,-2.744694702686607,0.0,0.0,-0.0,-0.9140622075487502,-0.4055740138755263,0.030909521503195897,0.0,0.0,0.0,0.0,-0.20606347668810482,315.85,132.14579439252145,1754048139.4593346,0.2368646474942424,-2.83091323182211,0.0,1754048139.4593346,map,base_link,0.057945966720581055,74.31999564170837
1754048139.5222235,1.5621170573951468,-2.743733137920663,0.0,0.0,-0.0,-0.9123072417680427,-0.4095064060763716,0.03357239662533526,0.0,0.0,0.0,0.0,-0.2238159775023673,315.73,131.65233644859612,1754048139.4967947,0.23786239260034003,-2.8317338548564126,0.0,1754048139.4967947,map,base_link,0.04480886459350586,74.36480450630188
1754048139.5690677,1.5602063971035887,-2.7415426905376914,0.0,0.0,-0.0,-0.908296764337428,-0.41832641309647034,0.04344302648059404,0.0,0.0,0.0,0.0,-0.28962017653742583,315.44,130.54205607476433,1754048139.5590994,0.24008123135525494,-2.833611469584463,0.0,1754048139.5590994,map,base_link,0.0468442440032959,74.41164875030518
1754048139.620218,1.5589563592041713,-2.740062001331905,0.0,0.0,-0.0,-0.9055757182145981,-0.4241846515140719,0.04602076645715733,0.0,0.0,0.0,0.0,-0.3068051097145144,315.25,129.80186915887646,1754048139.5967581,0.241540064270503,-2.8348869466714786,0.0,1754048139.5967581,map,base_link,0.05115032196044922,74.46279907226562
1754048139.6693146,1.5565141858813631,-2.737052798135332,0.0,0.0,-0.0,-0.9000203909345478,-0.4358477898326707,0.05617510784674702,0.0,0.0,0.0,0.0,-0.3745007189784456,314.87,128.32149532710088,1754048139.6595953,0.24440769307012866,-2.8374939026520156,0.0,1754048139.6595953,map,base_link,0.04909658432006836,74.5118956565857
1754048139.7293365,1.5541505690042916,-2.7339815069288,0.0,0.0,-0.0,-0.8943148588404798,-0.4474381893146055,0.07249271479980335,0.0,0.0,0.0,0.0,-0.48328476533215464,314.48,126.84112149532514,1754048139.6966796,0.24720701528594113,-2.8401740723386135,0.0,1754048139.6966796,map,base_link,0.06002187728881836,74.57191753387451
1754048139.7693756,1.5520542783509372,-2.7311133643528804,0.0,0.0,-0.0,-0.8889536497983472,-0.45799717085392294,0.07544820663082948,0.0,0.0,0.0,0.0,-0.5029880442056621,314.13,125.48411214953083,1754048139.7590616,0.22958774849736985,-2.802841788481175,0.0,1754048139.7590616,map,base_link,0.0400390625,74.61195659637451
1754048139.8196125,1.5502079814883043,-2.728463537275567,0.0,0.0,-0.0,-0.8839716254300384,-0.4675405495083565,0.0755723419906488,0.0,0.0,0.0,0.0,-0.5038156132711243,313.81,124.25046728971766,1754048139.7965312,0.23182845135497043,-2.8051676531265435,0.0,1754048139.7965312,map,base_link,0.05023694038391113,74.66219353675842
1754048139.8825443,1.5468590536215514,-2.723322076988925,0.0,0.0,-0.0,-0.8742240179782023,-0.4855227763864925,0.09054709196988484,0.0,0.0,0.0,0.0,-0.6036472797993646,313.2,121.90654205607291,1754048139.84659,0.23594556050371596,-2.809717306299385,0.0,1754048139.84659,map,base_link,0.06293177604675293,74.72512531280518
1754048139.9193723,1.5445274668809517,-2.719448251935668,0.0,0.0,-0.0,-0.8668072931352333,-0.4986432758671972,0.10345665955668262,0.0,0.0,0.0,0.0,-0.6897110637113498,312.75,120.1794392523346,1754048139.8966763,0.239393656056627,-2.8142796027156707,0.0,1754048139.8966763,map,base_link,0.036828041076660156,74.76195335388184
1754048139.9689395,1.541703109177881,-2.7143674487452856,0.0,0.0,-0.0,-0.8569824226889499,-0.5153456385787872,0.09337730299685043,0.0,0.0,0.0,0.0,-0.6225153533124688,312.16,117.9588785046711,1754048139.9590318,0.2514602982563443,-2.8290931275585316,0.0,1754048139.9590318,map,base_link,0.049567222595214844,74.81152057647705
1754048140.0204759,1.539218300617405,-2.7094718007894447,0.0,0.0,-0.0,-0.8474078394010485,-0.5309425145170114,0.10874186156744754,0.0,0.0,0.0,0.0,-0.7249457437831162,311.62,115.86168224298878,1754048139.996755,0.24603078888502328,-2.8273564743298962,0.0,1754048139.996755,map,base_link,0.05153632164001465,74.86305689811707
1754048140.070779,1.5350340103883686,-2.7000240049953357,0.0,0.0,-0.0,-0.8286177608712744,-0.5598147964895851,0.14450414867558758,0.0,0.0,0.0,0.0,-0.9633609911707162,310.59,111.91401869158717,1754048140.059094,0.23126830964557188,-2.8216786885136322,0.0,1754048140.059094,map,base_link,0.05030322074890137,74.91336011886597
1754048140.122218,1.5331883820042227,-2.6951976337383283,0.0,0.0,-0.0,-0.8188525443822596,-0.5740039290446535,0.15499445773980247,0.0,0.0,0.0,0.0,-1.0332963849321486,310.08,109.94018691588613,1754048140.0966463,0.23405342904284288,-2.8230504385910784,0.0,1754048140.0966463,map,base_link,0.05143880844116211,74.96479892730713
1754048140.1730103,1.530069830811715,-2.6856853213165692,0.0,0.0,-0.0,-0.8005359090141211,-0.5992847890435188,0.15403774319937696,0.0,0.0,0.0,0.0,-0.9923399482848703,309.1,106.36261682242835,1754048140.1590948,0.239854550127228,-2.824363512530497,0.0,1754048140.1590948,map,base_link,0.05079245567321777,75.01559138298035
1754048140.2195914,1.5282000973965326,-2.678830963596357,0.0,0.0,-0.0,-0.7887733668860291,-0.614684126760467,0.16529275773513613,0.0,0.0,0.0,0.0,-1.0008381048145905,308.41,104.14205607476491,1754048140.1968074,0.2401880559558367,-2.828135012643032,0.0,1754048140.1968074,map,base_link,0.04658102989196777,75.06217241287231
1754048140.2692192,1.5248100432178062,-2.6617307742546474,0.0,0.0,-0.0,-0.7559709347687034,-0.6546051831332631,0.2237435483733278,0.0,0.0,0.0,0.0,-1.3242499200450013,306.75,98.22056074766198,1754048140.2606626,0.2525230249727022,-2.846005243961492,0.0,1754048140.2606626,map,base_link,0.04962778091430664,75.11180019378662
1754048140.3192115,1.523713816285919,-2.653080226610872,0.0,0.0,-0.0,-0.7453020201108632,-0.6667270047168229,0.24891651371929294,0.0,0.0,0.0,0.0,-1.3091431506276319,305.95,96.37009345794237,1754048140.2966902,0.2571287459603915,-2.853409365935568,0.0,1754048140.2966902,map,base_link,0.04999232292175293,75.16179251670837
1754048140.3840091,1.5227624566277458,-2.643113964106066,0.0,0.0,-0.0,-0.7344387572945933,-0.6786749677007201,0.24365202797178626,0.0,0.0,0.0,0.0,-1.0651899491120642,305.04,94.51962616822277,1754048140.346686,0.28268272180500364,-2.862168188598134,0.0,1754048140.346686,map,base_link,0.06479763984680176,75.22659015655518
1754048140.4206522,1.5220085081332513,-2.629248310551201,0.0,0.0,-0.0,-0.7174107821863067,-0.6966503926668179,0.2342340590712258,0.0,0.0,0.0,0.0,-0.787999198372115,303.8,91.68224299065284,1754048140.396721,0.2901586296334262,-2.8738701366828265,0.0,1754048140.396721,map,base_link,0.036643028259277344,75.26323318481445
1754048140.4696212,1.522014732142311,-2.6101963832063,0.0,0.0,-0.0,-0.6953151567182768,-0.7187049692591795,0.2841025938551489,0.0,0.0,0.0,0.0,-0.9523294576068343,302.15,88.10467289719466,1754048140.459144,0.2606109761622659,-2.8500583860106556,0.0,1754048140.459144,map,base_link,0.04896903038024902,75.3122022151947
1754048140.5239816,1.5224409588569663,-2.6011636375590226,0.0,0.0,-0.0,-0.6859726612463504,-0.7276273139613437,0.2785073887442394,0.0,0.0,0.0,0.0,-0.871564430108115,301.39,86.62429906541922,1754048140.4967778,0.2652084486613493,-2.857845260207718,0.0,1754048140.4967778,map,base_link,0.054360389709472656,75.36656260490417
1754048140.568999,1.5235854761252452,-2.5857042862269766,0.0,0.0,-0.0,-0.6733381892975328,-0.7393346216927217,0.2613213783031958,0.0,0.0,0.0,0.0,-0.7167387258813503,300.12,84.65046728971812,1754048140.560106,0.2846708607805404,-2.8804097451423676,0.0,1754048140.560106,map,base_link,0.04501748085021973,75.4115800857544
1754048140.6295977,1.524548244991031,-2.576712881488617,0.0,0.0,-0.0,-0.6637310268462949,-0.7479713390241387,0.23810525012399752,0.0,0.0,0.0,0.0,-0.5979717359118502,299.39,83.17009345794239,1754048140.5982006,0.2853864391251286,-2.884659402882233,0.0,1754048140.5982006,map,base_link,0.06059861183166504,75.47217869758606
1754048140.6695642,1.5265423142988221,-2.5623179030172287,0.0,0.0,-0.0,-0.6482937896874095,-0.7613902824785308,0.2403388920607335,0.0,0.0,0.0,0.0,-0.670788516953968,298.26,80.82616822429763,1754048140.6594615,0.2799928332953252,-2.877106249924938,0.0,1754048140.6594615,map,base_link,0.039966583251953125,75.51214528083801
1754048140.719207,1.5280377975925434,-2.553727201260856,0.0,0.0,-0.0,-0.6392320530733292,-0.7690139025555106,0.23229612085057877,0.0,0.0,0.0,0.0,-0.6540428183073146,297.6,79.46915887850334,1754048140.6971164,0.2738168614404386,-2.847006187023309,0.0,1754048140.6971164,map,base_link,0.04964280128479004,75.5617880821228
1754048140.779037,1.5307986891188297,-2.540117534049497,0.0,0.0,-0.0,-0.6250516879003662,-0.7805833635511988,0.230205106728422,0.0,0.0,0.0,0.0,-0.637804760591169,296.57,77.37196261682094,1754048140.7592309,0.2822878091455121,-2.8580102139499286,0.0,1754048140.7592309,map,base_link,0.0598299503326416,75.62161803245544
1754048140.8193727,1.5330556903000607,-2.5306954611977908,0.0,0.0,-0.0,-0.6132163331825108,-0.7899150136047522,0.22967775694495143,0.0,0.0,0.0,0.0,-0.6461907655159982,295.88,75.64485981308277,1754048140.797821,0.2879258229778614,-2.8658894468555594,0.0,1754048140.797821,map,base_link,0.040335655212402344,75.66195368766785
1754048140.8697612,1.5377296960559586,-2.514230876689714,0.0,0.0,-0.0,-0.5917370803875266,-0.8061310239002378,0.26421276949504985,0.0,0.0,0.0,0.0,-0.828766711801715,294.72,72.56074766354996,1754048140.8590975,0.29760090847179743,-2.940074566165724,0.0,1754048140.8590975,map,base_link,0.05038857460021973,75.71234226226807
1754048140.9243984,1.5405510021317539,-2.5056394358899996,0.0,0.0,-0.0,-0.5812738285633131,-0.8137080165681964,0.2588211230244103,0.0,0.0,0.0,0.0,-0.8043309985068229,294.13,71.08037383177454,1754048140.8980746,0.3024299030874209,-2.9477200507148287,0.0,1754048140.8980746,map,base_link,0.05463719367980957,75.76697945594788
1754048140.9692762,1.5457592393166575,-2.491382565481485,0.0,0.0,-0.0,-0.5645093163718125,-0.8254266967632129,0.24824462733560612,0.0,0.0,0.0,0.0,-0.7227404598041327,293.2,68.73644859812923,1754048140.9591947,0.3008592155869767,-2.9306213907063285,0.0,1754048140.9591947,map,base_link,0.04487776756286621,75.81185722351074
1754048141.0227315,1.5492743966727047,-2.482701511196378,0.0,0.0,-0.0,-0.5529023511975611,-0.8332460561204048,0.2430907493856851,0.0,0.0,0.0,0.0,-0.6883209510055964,292.64,67.13271028037265,1754048140.9967196,0.3061250646809004,-2.938366574245714,0.0,1754048140.9967196,map,base_link,0.053455352783203125,75.86531257629395
1754048141.0727687,1.5567470492590532,-2.4662335968719127,0.0,0.0,-0.0,-0.5293658344130623,-0.8483936664993217,0.271105833475096,0.0,0.0,0.0,0.0,-0.8091929763478761,291.65,63.92523364485834,1754048141.059152,0.31371560939342125,-2.957741529422155,0.0,1754048141.059152,map,base_link,0.05003714561462402,75.91534972190857
1754048141.1192727,1.561436370755055,-2.457024158910686,0.0,0.0,-0.0,-0.5165193618073537,-0.8562755099137918,0.27154651870639446,0.0,0.0,0.0,0.0,-0.8304212616189993,291.12,62.198130841120175,1754048141.0995445,0.31670372107189015,-2.9678774954049167,0.0,1754048141.0995445,map,base_link,0.04650402069091797,75.96185374259949
1754048141.1692536,1.5697317411398533,-2.4420528275607336,0.0,0.0,-0.0,-0.4970305781539741,-0.8677330259820276,0.27949541707650516,0.0,0.0,0.0,0.0,-0.7885231826436487,290.3,59.60747663551285,1754048141.159946,0.3221611862252787,-2.976103963502981,0.0,1754048141.159946,map,base_link,0.049980878829956055,76.01183462142944
1754048141.220684,1.5750939822195649,-2.4332182398873,0.0,0.0,-0.0,-0.48389630989351673,-0.8751253403207094,0.269765771819626,0.0,0.0,0.0,0.0,-0.7310325604743944,289.85,57.880373831774335,1754048141.1992354,0.3258836490895596,-2.9817733238595223,0.0,1754048141.1840482,map,base_link,0.051430463790893555,76.06326508522034
1754048141.2691982,1.5835569058966696,-2.4202304692028305,0.0,0.0,-0.0,-0.4687512972603576,-0.8833301881611043,0.2681566696403585,0.0,0.0,0.0,0.0,-0.70684131693112,289.23,55.90654205607345,1754048141.259057,0.32581176674533463,-2.958035952840915,0.0,1754048141.259057,map,base_link,0.04851412773132324,76.11177921295166
1754048141.339908,1.5894565683048953,-2.4117452903152814,0.0,0.0,-0.0,-0.4573010230055814,-0.8893119668361877,0.2615020843060129,0.0,0.0,0.0,0.0,-0.6351042720546975,288.84,54.426168224297705,1754048141.2968688,0.32429561482336533,-2.9619449069061057,0.0,1754048141.2968688,map,base_link,0.0707097053527832,76.18248891830444
1754048141.3690598,1.5995371433431333,-2.3983145939825565,0.0,0.0,-0.0,-0.4380485838610365,-0.8989512991132169,0.2714736535083116,0.0,0.0,0.0,0.0,-0.6726766352676632,288.28,51.95887850467151,1754048141.3590817,0.32955312037985873,-2.9616543631263235,0.0,1754048141.3590817,map,base_link,0.02915191650390625,76.21164083480835
1754048141.419136,1.6060183695883443,-2.390264839996634,0.0,0.0,-0.0,-0.42639907278770417,-0.9045351462081428,0.2688521208619705,0.0,0.0,0.0,0.0,-0.7021019475842116,287.97,50.478504672896086,1754048141.397953,0.3349704176851276,-2.9704553700449554,0.0,1754048141.397953,map,base_link,0.05007624626159668,76.26171708106995
1754048141.4726207,1.6146757154109912,-2.3802464800893746,0.0,0.0,-0.0,-0.4078092549250513,-0.9130671451746988,0.26942561850794194,0.0,0.0,0.0,0.0,-0.7314097385903902,287.62,48.13457943925113,1754048141.4466128,0.34886910887929856,-3.0290185721293605,0.0,1754048141.4466128,map,base_link,0.05348467826843262,76.31520175933838
1754048141.5194633,1.6227523851274177,-2.3714397259564843,0.0,0.0,-0.0,-0.3969682437014234,-0.917832344980611,0.25880505203794824,0.0,0.0,0.0,0.0,-0.6622018303285662,287.35,46.77757009345682,1754048141.4966958,0.3583487706115567,-3.051948368465871,0.0,1754048141.4966958,map,base_link,0.04684257507324219,76.36204433441162
1754048141.5691133,1.6340612224999889,-2.359914108052174,0.0,0.0,-0.0,-0.37711575937411135,-0.9261661319826413,0.2481303060224937,0.0,0.0,0.0,0.0,-0.5860641934067035,287.04,44.310280373830636,1754048141.559055,0.357125574590361,-3.055656784660747,0.0,1754048141.559055,map,base_link,0.049649953842163086,76.41169428825378
1754048141.620828,1.6410781416625082,-2.3532332082771985,0.0,0.0,-0.0,-0.365119762405803,-0.9309605572207289,0.2503410515197685,0.0,0.0,0.0,0.0,-0.646826656748541,286.89,42.8299065420549,1754048141.5983183,0.3538494440863502,-3.041310843365458,0.0,1754048141.5842109,map,base_link,0.05171465873718262,76.46340894699097
1754048141.668954,1.652910477730344,-2.3427260943017245,0.0,0.0,-0.0,-0.3439813529414809,-0.9389764793798343,0.2568669050272021,0.0,0.0,0.0,0.0,-0.7092162600996094,286.71,40.239252336447414,1754048141.659078,0.3599825118661619,-3.0477054523301357,0.0,1754048141.659078,map,base_link,0.0481259822845459,76.51153492927551
1754048141.7352324,1.658128576072789,-2.338393678541799,0.0,0.0,-0.0,-0.3348675837000097,-0.9422651969519605,0.2585630778211205,0.0,0.0,0.0,0.0,-0.7239489008418974,286.66,39.12897196261599,1754048141.6843705,0.3631407265376878,-3.05370745672174,0.0,1754048141.6843705,map,base_link,0.06627845764160156,76.57781338691711
1754048141.7743917,1.6739996062314872,-2.326188518388325,0.0,0.0,-0.0,-0.3083653697237335,-0.9512679952332808,0.26562419825644457,0.0,0.0,0.0,0.0,-0.7622785351332467,286.59,35.92149532710168,1754048141.759205,0.3695525923033047,-3.081176666940993,0.0,1754048141.759205,map,base_link,0.039159297943115234,76.61697268486023
1754048141.819422,1.6824592004995456,-2.3202522878018037,0.0,0.0,-0.0,-0.293993553660424,-0.955807402359971,0.2734922473746516,0.0,0.0,0.0,0.0,-0.779601423132284,286.6,34.19439252336352,1754048141.7967153,0.37747200354680865,-3.1006837024791714,0.0,1754048141.7967153,map,base_link,0.04503035545349121,76.66200304031372
1754048141.8707118,1.6957474964371622,-2.311660151840398,0.0,0.0,-0.0,-0.27231163731082897,-0.9622091104251173,0.26706733387330067,0.0,0.0,0.0,0.0,-0.7677837610066659,286.69,31.60373831775599,1754048141.8592126,0.3716087933630874,-3.0987600896597645,0.0,1754048141.8349094,map,base_link,0.05128979682922363,76.71329283714294
1754048141.919021,1.7046376607830382,-2.3063909195149512,0.0,0.0,-0.0,-0.25569807448821036,-0.966756688470797,0.2640927748668055,0.0,0.0,0.0,0.0,-0.7966090881141381,286.8,29.629906542054897,1754048141.8966854,0.3889061974185921,-3.104411558711276,0.0,1754048141.8966854,map,base_link,0.0483090877532959,76.76160192489624
1754048141.9693654,1.7180126930432165,-2.2992159190972132,0.0,0.0,-0.0,-0.2316844333113506,-0.9727909967517167,0.26050741130713695,0.0,0.0,0.0,0.0,-0.8348500596707211,287.02,26.79252336448516,1754048141.9590557,0.3955742440275367,-3.118046413803146,0.0,1754048141.9590557,map,base_link,0.05034446716308594,76.81194639205933
1754048142.0194666,1.726721498139168,-2.294970109173432,0.0,0.0,-0.0,-0.21699694806847822,-0.9761722821966244,0.25725686331467446,0.0,0.0,0.0,0.0,-0.8499061958378251,287.2,25.065420560746638,1754048141.996851,0.39949026418002065,-3.126908409869128,0.0,1754048141.996851,map,base_link,0.050101280212402344,76.86204767227173
1754048142.075275,1.7382307851053682,-2.2898547357406116,0.0,0.0,-0.0,-0.1969857274106806,-0.9804063561587537,0.25064759645557766,0.0,0.0,0.0,0.0,-0.8096355361866493,287.49,22.721495327101888,1754048142.0467148,0.3943970940450874,-3.1585555522429907,0.0,1754048142.0467148,map,base_link,0.055808305740356445,76.91785597801208
1754048142.1301072,1.749940900537335,-2.285217591010021,0.0,0.0,-0.0,-0.17689209258629382,-0.9842302513032416,0.2542871542284572,0.0,0.0,0.0,0.0,-0.8318431677352098,287.83,20.377570093457145,1754048142.096706,0.38905026938929277,-3.150493259883159,0.0,1754048142.096706,map,base_link,0.05483222007751465,76.9726881980896
1754048142.169835,1.7642879012636432,-2.2802640410869537,0.0,0.0,-0.0,-0.1545975796204193,-0.9879775242258845,0.24840255795922536,0.0,0.0,0.0,0.0,-0.7954669389995277,288.31,17.78691588784931,1754048142.159148,0.3949555566630174,-3.1644754510167328,0.0,1754048142.159148,map,base_link,0.03972792625427246,77.01241612434387
1754048142.2202468,1.7732422938346952,-2.277518784476401,0.0,0.0,-0.0,-0.14075589158568755,-0.9900443318275794,0.2466865407279255,0.0,0.0,0.0,0.0,-0.7528628075748257,288.64,16.183177570092433,1754048142.1975555,0.39513236701023313,-3.1732929295537784,0.0,1754048142.1975555,map,base_link,0.05041170120239258,77.06282782554626
1754048142.27153,1.7882245697793044,-2.2735429046591173,0.0,0.0,-0.0,-0.11727011919895675,-0.9931000549506895,0.2510183665366328,0.0,0.0,0.0,0.0,-0.7390826497013057,289.25,13.469158878503523,1754048142.2592714,0.39258382499440136,-3.1847697717523547,0.0,1754048142.2474313,map,base_link,0.05128312110900879,77.11411094665527
1754048142.3331504,1.7973636064022038,-2.271494517356196,0.0,0.0,-0.0,-0.10336039792383406,-0.9946439705447506,0.2478539666310428,0.0,0.0,0.0,0.0,-0.7546479804951436,289.66,11.865420560746951,1754048142.2970169,0.3964254796971667,-3.1967646114274473,0.0,1754048142.2970169,map,base_link,0.061620473861694336,77.17573142051697
1754048142.3692324,1.8132392455323247,-2.2685490216403528,0.0,0.0,-0.0,-0.0776297471967653,-0.9969822577910633,0.2536081019212067,0.0,0.0,0.0,0.0,-0.7919097135694593,290.42,8.904672897195264,1754048142.3591025,0.4005303010563752,-3.2086108193685945,0.0,1754048142.3591025,map,base_link,0.03608202934265137,77.21181344985962
1754048142.4209113,1.8218732963367006,-2.2673289141961295,0.0,0.0,-0.0,-0.06366957733016426,-0.9979710341100078,0.24771111487664593,0.0,0.0,0.0,0.0,-0.7668571463039089,290.86,7.300934579438384,1754048142.3984106,0.40264132626355575,-3.207582917057654,0.0,1754048142.3841455,map,base_link,0.05167889595031738,77.26349234580994
1754048142.4797788,1.8379351571661446,-2.2656741138678735,0.0,0.0,-0.0,-0.04001770383714502,-0.9991989708659645,0.24747175695919532,0.0,0.0,0.0,0.0,-0.7899055261771866,291.74,4.586915887849523,1754048142.4591374,0.39830427442121485,-3.2463124795824254,0.0,1754048142.4591374,map,base_link,0.058867454528808594,77.32235980033875
1754048142.52183,1.846957033979509,-2.2650584302817114,0.0,0.0,-0.0,-0.027106373091117783,-0.9996325547609207,0.2483469340189882,0.0,0.0,0.0,0.0,-0.7243273037118106,292.26,3.106542056073779,1754048142.4967766,0.4007286086302646,-3.255024306667292,0.0,1754048142.4967766,map,base_link,0.04205131530761719,77.36441111564636
1754048142.5721605,1.8621271024263528,-2.264562023114687,0.0,0.0,-0.0,-0.004501955573390886,-0.9999898661466601,0.24439005219852775,0.0,0.0,0.0,0.0,-0.7017189568528579,293.19,0.5158878504665086,1754048142.5598414,0.4154588278474145,-3.279637082062795,0.0,1754048142.5598414,map,base_link,0.050330400466918945,77.41474151611328
1754048142.6206522,1.8718157426014455,-2.2646082965513776,0.0,-0.0,0.0,0.008416628606598737,-0.9999645795541453,0.2459651627705594,0.0,0.0,0.0,0.0,-0.7064784605001044,293.81,-0.9644859813090816,1754048142.596689,0.4180272444062314,-3.2889791977789353,0.0,1754048142.596689,map,base_link,0.048491716384887695,77.46323323249817
1754048142.670465,1.8866614579680614,-2.2651489004336827,0.0,-0.0,0.0,0.02779119745635977,-0.9996137500774694,0.24533442307183093,0.0,0.0,0.0,0.0,-0.6711815744759264,294.79,-3.185046728972746,1754048142.6596556,0.40116854944814073,-3.290548355766078,0.0,1754048142.6466465,map,base_link,0.04981279373168945,77.51304602622986
1754048142.7194588,1.8953613040133763,-2.26573992136102,0.0,-0.0,0.0,0.03962653864411402,-0.9992145602597505,0.23803394867411792,0.0,0.0,0.0,0.0,-0.6218152941984446,295.4,-4.542056074767203,1754048142.696599,0.3936617260899813,-3.3019666858229657,0.0,1754048142.696599,map,base_link,0.048993825912475586,77.56203985214233
1754048142.7693472,1.9101454671017064,-2.2671940727074937,0.0,-0.0,0.0,0.05898071487967706,-0.9982591223085728,0.23210205125874128,0.0,0.0,0.0,0.0,-0.6191998308381982,296.46,-6.762616822430716,1754048142.759343,0.3953828741510794,-3.31864515379923,0.0,1754048142.759343,map,base_link,0.04988837242126465,77.6119282245636
1754048142.8195581,1.9178313495780495,-2.268197203115163,0.0,-0.0,0.0,0.0697239301982786,-0.997566325392806,0.22514717285509453,0.0,0.0,0.0,0.0,-0.6042178920832735,297.03,-7.9962616822439365,1754048142.796786,0.39805348755227254,-3.3243142458685266,0.0,1754048142.796786,map,base_link,0.05021095275878906,77.66213917732239
1754048142.8692746,1.931855629185366,-2.2704839026847585,0.0,-0.0,0.0,0.09118487436109288,-0.9958339814887579,0.22220170362793415,0.0,0.0,0.0,0.0,-0.6552924042251538,298.11,-10.463551401869971,1754048142.8590915,0.40470140895892737,-3.3548499294948257,0.0,1754048142.8590915,map,base_link,0.04971647262573242,77.71185564994812
1754048142.9236095,1.9369288432166418,-2.2714660857683517,0.0,-0.0,0.0,0.09975797270512846,-0.9950117320322223,0.21734486787578242,0.0,0.0,0.0,0.0,-0.6560118632337678,298.52,-11.450467289720466,1754048142.8841753,0.41218895473576556,-3.383363674189365,0.0,1754048142.8841753,map,base_link,0.05433487892150879,77.76619052886963
1754048142.973669,1.9532951065771553,-2.2752258740004123,0.0,-0.0,0.0,0.1254303301681877,-0.9921024303336321,0.22508407360951715,0.0,0.0,0.0,0.0,-0.7073999676251808,299.87,-14.411214953271799,1754048142.9591353,0.3958869058037453,-3.3797593991704695,0.0,1754048142.9591353,map,base_link,0.05005955696105957,77.81625008583069
1754048143.0194294,1.9617152416772445,-2.2774925790639315,0.0,-0.0,0.0,0.13716987713596857,-0.990547537883217,0.224854108692749,0.0,0.0,0.0,0.0,-0.6724049773415625,300.59,-15.768224299066102,1754048142.9966612,0.3975772100175232,-3.388313900828288,0.0,1754048142.9966612,map,base_link,0.045760393142700195,77.86201047897339
1754048143.0692315,1.975304420738679,-2.2816455115206415,0.0,-0.0,0.0,0.1584640772411506,-0.9873647432555563,0.2297125061018674,0.0,0.0,0.0,0.0,-0.6712709654625005,301.79,-18.235514018692342,1754048143.0591981,0.3998614550419639,-3.4023386953088512,0.0,1754048143.0591981,map,base_link,0.04980206489562988,77.91181254386902
1754048143.1198647,1.9838587964084586,-2.2845774024487002,0.0,-0.0,0.0,0.1712059670605245,-0.9852352596425235,0.2323419546420152,0.0,0.0,0.0,0.0,-0.6887838138336293,302.57,-19.71588785046793,1754048143.09679,0.4010145026081935,-3.4113077425728453,0.0,1754048143.09679,map,base_link,0.05063319206237793,77.9624457359314
1754048143.1880434,1.9974411735942506,-2.2897458227581216,0.0,-0.0,0.0,0.19132134697162076,-0.9815274536114437,0.23263927314983485,0.0,0.0,0.0,0.0,-0.6741422324561456,303.85,-22.05981308411268,1754048143.16175,0.3962488826630963,-3.4326653664922917,0.0,1754048143.16175,map,base_link,0.06817865371704102,78.03062438964844
1754048143.220709,2.0057928330243113,-2.293213541167108,0.0,-0.0,0.0,0.1997675185893885,-0.9798433234536215,0.23551084973016553,0.0,0.0,0.0,0.0,-0.5974060458768312,304.66,-23.04672897196312,1754048143.1967413,0.3931485587976187,-3.435002547625806,0.0,1754048143.1967413,map,base_link,0.03266572952270508,78.06329011917114
1754048143.2690144,2.019059566768114,-2.2991459775212415,0.0,-0.0,0.0,0.21766565565112517,-0.9760233923169904,0.23803986807895586,0.0,0.0,0.0,0.0,-0.5801597098581431,305.98,-25.14392523364545,1754048143.2591627,0.3950777761442321,-3.4453416530276284,0.0,1754048143.2591627,map,base_link,0.04830527305603027,78.11159539222717
1754048143.3260794,2.0274902192681084,-2.303225586627184,0.0,-0.0,0.0,0.22920832954700449,-0.9733773891283235,0.24329292730067326,0.0,0.0,0.0,0.0,-0.5867506589390453,306.85,-26.50093457943955,1754048143.2967038,0.3960041532309482,-3.4487135913243576,0.0,1754048143.2967038,map,base_link,0.05706501007080078,78.16866040229797
1754048143.372836,2.0418298807316817,-2.31064963651468,0.0,-0.0,0.0,0.24593985748053582,-0.9692850904158454,0.24792735861930854,0.0,0.0,0.0,0.0,-0.5845278875649307,308.35,-28.474766355140797,1754048143.359228,0.3867454884725151,-3.474984325748713,0.0,1754048143.359228,map,base_link,0.046756744384765625,78.21541714668274
1754048143.4203815,2.0494451251561645,-2.3148975057505696,0.0,-0.0,0.0,0.2574007548119403,-0.9663047404531572,0.24518061236731364,0.0,0.0,0.0,0.0,-0.5748919029746968,309.18,-29.831775700935104,1754048143.3982706,0.3876704544048277,-3.483655010768589,0.0,1754048143.3982706,map,base_link,0.047545433044433594,78.26296257972717
1754048143.4691741,2.0630461679378285,-2.3229866736945817,0.0,-0.0,0.0,0.272970765988813,-0.9620223286990176,0.24743063024437917,0.0,0.0,0.0,0.0,-0.5691982394980368,310.68,-31.682242990654707,1754048143.4595463,0.38891218917337766,-3.4994309765881404,0.0,1754048143.4595463,map,base_link,0.04879260063171387,78.31175518035889
1754048143.5198967,2.0704263498643303,-2.3276310845603585,0.0,-0.0,0.0,0.2822788648871294,-0.9593323941356477,0.24458535614266622,0.0,0.0,0.0,0.0,-0.5521024876704297,311.52,-32.79252336448643,1754048143.496537,0.3893776526555136,-3.5081385009955253,0.0,1754048143.496537,map,base_link,0.050722599029541016,78.36247777938843
1754048143.5785978,2.083325710308166,-2.3362279614608865,0.0,-0.0,0.0,0.29876060793092085,-0.954328087792006,0.24004936941768634,0.0,0.0,0.0,0.0,-0.5345691732088107,313.02,-34.76635514018733,1754048143.5592337,0.38343854531681865,-3.5136156500934184,0.0,1754048143.5592337,map,base_link,0.0587010383605957,78.42117881774902
1754048143.6206734,2.090706046473753,-2.3414534273352063,0.0,-0.0,0.0,0.30901699437495195,-0.9510565162951521,0.24066923456114092,0.0,0.0,0.0,0.0,-0.5705522823882859,313.9,-36.00000000000054,1754048143.59669,0.3898720352704253,-3.5328102233030045,0.0,1754048143.59669,map,base_link,0.04207563400268555,78.46325445175171
1754048143.6692808,2.1028327397235462,-2.350582417572469,0.0,-0.0,0.0,0.32433405239897556,-0.9459426105501636,0.24344948184848322,0.0,0.0,0.0,0.0,-0.55211164513186,315.39,-37.85046728972015,1754048143.6589575,0.39057887509089056,-3.5479725295060476,0.0,1754048143.6589575,map,base_link,0.04860734939575195,78.51186180114746
1754048143.7257004,2.109927316748405,-2.356189780442379,0.0,-0.0,0.0,0.3324688215106571,-0.9431142469093099,0.24307092187132123,0.0,0.0,0.0,0.0,-0.5170604535223996,316.28,-38.837383177570594,1754048143.6966815,0.38795756236195617,-3.548737844472932,0.0,1754048143.6966815,map,base_link,0.05641961097717285,78.56828141212463
1754048143.7699966,2.1215872658483104,-2.3659078850446487,0.0,-0.0,0.0,0.34765457267703775,-0.9376226842908325,0.24606802446438253,0.0,0.0,0.0,0.0,-0.4816671260433516,317.78,-40.68785046729004,1754048143.7591617,0.3808125005243595,-3.5422175511318077,0.0,1754048143.7591617,map,base_link,0.0442962646484375,78.61257767677307
1754048143.8396611,2.1286269313126107,-2.372085531415046,0.0,-0.0,0.0,0.3567227610067854,-0.9342102931244635,0.24351235937532353,0.0,0.0,0.0,0.0,-0.49917465945871287,318.71,-41.79813084112198,1754048143.7966917,0.3806773042730238,-3.5515824818042994,0.0,1754048143.7966917,map,base_link,0.06966447830200195,78.68224215507507
1754048143.8691287,2.1393223097484633,-2.381925159116342,0.0,-0.0,0.0,0.36976191275975,-0.9291265402905307,0.2399185443177217,0.0,0.0,0.0,0.0,-0.47775266964961993,320.16,-43.40186915887926,1754048143.8607576,0.37989373986132724,-3.5562269984669475,0.0,1754048143.8607576,map,base_link,0.02946758270263672,78.71170973777771
1754048143.9192162,2.1456159180154235,-2.3879608627698516,0.0,-0.0,0.0,0.376753158932854,-0.9263136926733382,0.23792896977674127,0.0,0.0,0.0,0.0,-0.44845217705196705,321.03,-44.26542056074811,1754048143.8967261,0.38005185016872445,-3.564945612160743,0.0,1754048143.8967261,map,base_link,0.05008745193481445,78.76179718971252
1754048143.9689376,2.1556708561108016,-2.398002033090958,0.0,-0.0,0.0,0.3886881553762456,-0.9213693710289113,0.22977886270139222,0.0,0.0,0.0,0.0,-0.43048271664904386,322.45,-45.74579439252407,1754048143.959332,0.3738218049840877,-3.5772464052791935,0.0,1754048143.959332,map,base_link,0.049721479415893555,78.81151866912842
1754048144.0203407,2.161714352337738,-2.4042881491501604,0.0,-0.0,0.0,0.39562040738456095,-0.9184141186092873,0.2322430989920951,0.0,0.0,0.0,0.0,-0.41258116507009984,323.32,-46.609345794392915,1754048143.9967766,0.36476412890044796,-3.5828956141889923,0.0,1754048143.9967766,map,base_link,0.051403045654296875,78.86292171478271
1754048144.0731382,2.1724548346184474,-2.415910245325071,0.0,-0.0,0.0,0.4064684023989135,-0.9136648389049865,0.23784687239701513,0.0,0.0,0.0,0.0,-0.37833126849816273,324.9,-47.96635514018727,1754048144.0591664,0.3643727313428841,-3.598715787610072,0.0,1754048144.0591664,map,base_link,0.052797555923461914,78.91571927070618
1754048144.1192267,2.1780175606685326,-2.4222004188107724,0.0,-0.0,0.0,0.414322137620362,-0.9101303018127096,0.23779769680875296,0.0,0.0,0.0,0.0,-0.41293457303079595,325.74,-48.95327102803792,1754048144.0966973,0.36397079712811486,-3.6014013303837307,0.0,1754048144.0966973,map,base_link,0.046088457107543945,78.96180772781372
1754048144.1690238,2.18783898541946,-2.433773927826078,0.0,-0.0,0.0,0.4250707254895392,-0.9051601396061344,0.23747021958474104,0.0,0.0,0.0,0.0,-0.4130958801754535,327.26,-50.31028037383222,1754048144.1591287,0.36298090965108415,-3.602254654891899,0.0,1754048144.1591287,map,base_link,0.04979705810546875,79.01160478591919
1754048144.220498,2.1915371254316645,-2.438259384991484,0.0,-0.0,0.0,0.4289646026610825,-0.9033212992417591,0.2351967014399486,0.0,0.0,0.0,0.0,-0.3971735965620386,327.84,-50.80373831775752,1754048144.1840181,0.3625293520037662,-3.6080504862579508,0.0,1754048144.1840181,map,base_link,0.05147433280944824,79.06307911872864
1754048144.2692034,2.2025432905633955,-2.452201123290674,0.0,-0.0,0.0,0.4434952090481162,-0.8962767427259104,0.23621583447783565,0.0,0.0,0.0,0.0,-0.3970906375036029,329.61,-52.654205607476975,1754048144.2591805,0.3607611636800657,-3.6157290166531015,0.0,1754048144.2591805,map,base_link,0.048705339431762695,79.1117844581604
1754048144.3223464,2.2077767965831265,-2.4591760525628867,0.0,-0.0,0.0,0.4502368108813163,-0.8929091858231842,0.23554379302594647,0.0,0.0,0.0,0.0,-0.430275347130116,330.48,-53.51775700934597,1754048144.2965572,0.3597169441532929,-3.6243863158388074,0.0,1754048144.2965572,map,base_link,0.05314302444458008,79.16492748260498
1754048144.3690557,2.2168530431540803,-2.471743396050979,0.0,-0.0,0.0,0.45982322206165915,-0.888010475418412,0.2386829737801998,0.0,0.0,0.0,0.0,-0.39549301038142887,332.02,-54.7514018691597,1754048144.3605583,0.35710815560498727,-3.66768189081373,0.0,1754048144.3605583,map,base_link,0.046709299087524414,79.2116367816925
1754048144.4196954,2.2218289290455426,-2.4789043637409085,0.0,-0.0,0.0,0.4665020670267966,-0.8845201080019188,0.23832536700194024,0.0,0.0,0.0,0.0,-0.3616501140145338,332.89,-55.614953271028355,1754048144.3982546,0.35595580305100094,-3.698453470702935,0.0,1754048144.3982546,map,base_link,0.05063962936401367,79.26227641105652
1754048144.4811583,2.2300720968884296,-2.4912639220327093,0.0,-0.0,0.0,0.47599722409962736,-0.8794467821587894,0.24406620772218474,0.0,0.0,0.0,0.0,-0.37086869946778883,334.36,-56.84859813084137,1754048144.4591722,0.3548006510865342,-3.71326475427977,0.0,1754048144.4591722,map,base_link,0.0614628791809082,79.32373929023743
1754048144.5190964,2.2348118477946564,-2.498583391079173,0.0,-0.0,0.0,0.48072418373621206,-0.876871860177502,0.23793659508254486,0.0,0.0,0.0,0.0,-0.3477067388428721,335.22,-57.465420560747944,1754048144.4967859,0.3510805353693548,-3.7102974645225673,0.0,1754048144.4967859,map,base_link,0.03793811798095703,79.36167740821838
1754048144.5703826,2.2426728606653037,-2.511189448579552,0.0,-0.0,0.0,0.49013618041028556,-0.8716458711270397,0.24047105459078422,0.0,0.0,0.0,0.0,-0.32756708811046115,336.68,-58.69906542056111,1754048144.5590487,0.3424112454050917,-3.6967231418392035,0.0,1754048144.5590487,map,base_link,0.05128622055053711,79.41296362876892
1754048144.620552,2.247342478538788,-2.5189335854236963,0.0,-0.0,0.0,0.4938851345073076,-0.8695271553624411,0.23833091632749456,0.0,0.0,0.0,0.0,-0.31070943911167725,337.57,-59.192523364486625,1754048144.5966737,0.34132933582258107,-3.7057012517850922,0.0,1754048144.5966737,map,base_link,0.05016946792602539,79.46313309669495
1754048144.6693182,2.2545294656464243,-2.531192669644983,0.0,-0.0,0.0,0.499491371946462,-0.8663188612462741,0.23282138797213853,0.0,0.0,0.0,0.0,-0.24168938877057475,338.97,-59.932710280374295,1754048144.659143,0.33945495906972173,-3.7197875799588314,0.0,1754048144.659143,map,base_link,0.048766136169433594,79.51189923286438
1754048144.7262821,2.258526801946857,-2.538207859510824,0.0,-0.0,0.0,0.5041473267036987,-0.8636176659711832,0.22807664085647533,0.0,0.0,0.0,0.0,-0.2360582673160009,339.76,-60.54953271028078,1754048144.6965146,0.3181491645863123,-3.727776116472055,0.0,1754048144.6965146,map,base_link,0.05696392059326172,79.56886315345764
1754048144.7690926,2.2653665584062295,-2.5506637647068473,0.0,-0.0,0.0,0.5134152796835862,-0.8581402860764812,0.22741325369209178,0.0,0.0,0.0,0.0,-0.28884267145292963,341.14,-61.783177570093784,1754048144.759092,0.3161741718121045,-3.741848473993723,0.0,1754048144.759092,map,base_link,0.04281044006347656,79.61167359352112
1754048144.8377638,2.2692889102825946,-2.5580884829329067,0.0,-0.0,0.0,0.5189475584385285,-0.854806078353851,0.22554351585345073,0.0,0.0,0.0,0.0,-0.3220702746083013,341.96,-62.52336448598168,1754048144.7967243,0.31487298844794187,-3.750144147976664,0.0,1754048144.7967243,map,base_link,0.06867122650146484,79.68034482002258
1754048144.869216,2.2756033655626218,-2.570457348930535,0.0,-0.0,0.0,0.525374501678737,-0.8508711024507877,0.22562777814818152,0.0,0.0,0.0,0.0,-0.29576105281242054,343.3,-63.38691588785103,1754048144.859036,0.3125292474631711,-3.763832393654874,0.0,1754048144.859036,map,base_link,0.031452178955078125,79.71179699897766
1754048144.9193642,2.279041381491637,-2.577404371456719,0.0,-0.0,0.0,0.5290336683365489,-0.8486008353556898,0.22044934071861544,0.0,0.0,0.0,0.0,-0.26111437886566435,344.05,-63.880373831776375,1754048144.8965356,0.3110426509168003,-3.774577301371533,0.0,1754048144.8965356,map,base_link,0.05014824867248535,79.76194524765015
1754048144.9817781,2.285042956729676,-2.5899280160555445,0.0,-0.0,0.0,0.5372308217112912,-0.8434352637893503,0.21973334423815424,0.0,0.0,0.0,0.0,-0.27981965803028414,345.39,-64.99065420560795,1754048144.959096,0.30845300030949563,-3.7951145530987143,0.0,1754048144.959096,map,base_link,0.062413930892944336,79.82435917854309
1754048145.0197067,2.2884391007593377,-2.597253203123688,0.0,-0.0,0.0,0.5399520366294818,-0.8416957871699696,0.21491936458576583,0.0,0.0,0.0,0.0,-0.23891705831483834,346.16,-65.36074766355196,1754048144.997973,0.30703876887793013,-3.803063899569429,0.0,1754048144.997973,map,base_link,0.03792858123779297,79.86228775978088
1754048145.0693257,2.2940068445901347,-2.609622409662992,0.0,-0.0,0.0,0.5453775417620186,-0.8381905135120641,0.22071259619567796,0.0,0.0,0.0,0.0,-0.2259525537410778,347.46,-66.10093457943948,1754048145.0590985,0.30451390677546464,-3.816391394200487,0.0,1754048145.0590985,map,base_link,0.04961895942687988,79.91190671920776
1754048145.120247,2.297513825536171,-2.617606227177363,0.0,-0.0,0.0,0.5480817753840675,-0.8364247530363078,0.22329879379701936,0.0,0.0,0.0,0.0,-0.20848494029181702,348.29,-66.47102803738365,1754048145.0966222,0.30281309983708893,-3.824944026147263,0.0,1754048145.0966222,map,base_link,0.05092120170593262,79.9628279209137
1754048145.171227,2.3029950388753493,-2.6303663187169337,0.0,-0.0,0.0,0.5525761132390469,-0.8334624401121074,0.22108276999320298,0.0,0.0,0.0,0.0,-0.17134248911105804,349.61,-67.08785046728988,1754048145.1598365,0.3099106541831805,-3.8185429554211137,0.0,1754048145.1598365,map,base_link,0.0509800910949707,80.01380801200867
1754048145.2242877,2.3063639856656595,-2.638409356388282,0.0,-0.0,0.0,0.5552650392052556,-0.8316734552914299,0.2251249197622336,0.0,0.0,0.0,0.0,-0.17049507765491928,350.44,-67.45794392523409,1754048145.1980162,0.3082715131559165,-3.8271076196965774,0.0,1754048145.1980162,map,base_link,0.05306077003479004,80.06686878204346
1754048145.2690308,2.311890899211438,-2.651850919884554,0.0,-0.0,0.0,0.5579481733186972,-0.8298757954599767,0.23064314287475624,0.0,0.0,0.0,0.0,-0.15190816137443133,351.81,-67.82803738317774,1754048145.2591438,0.30544610480350387,-3.8413638278252824,0.0,1754048145.2591438,map,base_link,0.04474306106567383,80.11161184310913
1754048145.3193243,2.3151672704556567,-2.659932125483951,0.0,-0.0,0.0,0.5588412594390791,-0.8292746509742981,0.23364113751244409,0.0,0.0,0.0,0.0,-0.10088700619701782,352.64,-67.95140186915908,1754048145.2967267,0.303708720819952,-3.8499091183038656,0.0,1754048145.2967267,map,base_link,0.0502934455871582,80.16190528869629
1754048145.369022,2.320917728622076,-2.6743285322435173,0.0,-0.0,0.0,0.5624071167366878,-0.8268604689087062,0.24556957453253747,0.0,0.0,0.0,0.0,-0.10276494541850087,354.1,-68.44485981308452,1754048145.3591766,0.3005417214511988,-3.8650845725543634,0.0,1754048145.3591766,map,base_link,0.0496976375579834,80.21160292625427
1754048145.4198136,2.3240848899651856,-2.6824531427692633,0.0,-0.0,0.0,0.5650746692480928,-0.8250397676319358,0.2402875885307863,0.0,0.0,0.0,0.0,-0.11958259762432659,354.92,-68.81495327102824,1754048145.3965783,0.29868933805033027,-3.8736056571628232,0.0,1754048145.3965783,map,base_link,0.05079174041748047,80.26239466667175
1754048145.4701107,2.3293875398395407,-2.6963310518715584,0.0,-0.0,0.0,0.5686222324130256,-0.8225987823997961,0.2397773009949126,0.0,0.0,0.0,0.0,-0.13763944029909458,356.32,-69.3084112149534,1754048145.4590626,0.29530436230051565,-3.888095187212852,0.0,1754048145.4590626,map,base_link,0.05029702186584473,80.3126916885376
1754048145.5195227,2.3327973667962096,-2.705400234027485,0.0,-0.0,0.0,0.5703920639828612,-0.8213725667109729,0.2401912840105484,0.0,0.0,0.0,0.0,-0.12046542911512441,357.23,-69.55514018691632,1754048145.4967418,0.2935292342679022,-3.8976202019277815,0.0,1754048145.4967418,map,base_link,0.04941201210021973,80.36210370063782
1754048145.5690784,2.337915072288684,-2.719347403522335,0.0,-0.0,0.0,0.5739237860734123,-0.8189087176109191,0.24537190529443992,0.0,0.0,0.0,0.0,-0.12071021017384025,358.62,-70.04859813084161,1754048145.5591733,0.29069138551272405,-3.9122031049607346,0.0,1754048145.5591733,map,base_link,0.04955577850341797,80.41165947914124
1754048145.620182,2.340982471177527,-2.7278543679573297,0.0,-0.0,0.0,0.5756856602213869,-0.8176710956218679,0.2427561817416679,0.0,0.0,0.0,0.0,-0.13784606997518054,359.46,-70.29532710280404,1754048145.5966775,0.2889141646514763,-3.921069832984752,0.0,1754048145.5966775,map,base_link,0.05110359191894531,80.46276307106018
1754048145.6691692,2.3462029056225555,-2.742451353970439,0.0,-0.0,0.0,0.5774448655432038,-0.8164296829842673,0.24242339445859828,0.0,0.0,0.0,0.0,-0.0873090094437371,360.91,-70.54205607476696,1754048145.659077,0.29582796756179053,-3.9062619468595674,0.0,1754048145.659077,map,base_link,0.04898715019226074,80.51175022125244
1754048145.7205627,2.3493199269411775,-2.751283520301953,0.0,-0.0,0.0,0.5783234648452162,-0.8158075569700394,0.248203054899952,0.0,0.0,0.0,0.0,-0.06984073831856091,361.79,-70.66542056074805,1754048145.6967888,0.29392492990582963,-3.915432630132272,0.0,1754048145.6967888,map,base_link,0.05139350891113281,80.56314373016357
1754048145.7690346,2.3547631502347657,-2.7668294603920978,0.0,-0.0,0.0,0.5792013938833391,-0.8151844854531992,0.25982000921226744,0.0,0.0,0.0,0.0,-0.06984217429899102,363.32,-70.78878504672919,1754048145.75914,0.2905383287952462,-3.9315520552469603,0.0,1754048145.75914,map,base_link,0.048471927642822266,80.6116156578064
1754048145.8196328,2.358266544287753,-2.776895123959792,0.0,-0.0,0.0,0.5800786516400732,-0.8145604691558722,0.26700594286957,0.0,0.0,0.0,0.0,-0.0518551513348585,364.32,-70.91214953271047,1754048145.7965906,0.28832762724667615,-3.9419781835605607,0.0,1754048145.7965906,map,base_link,0.05059814453125,80.66221380233765
1754048145.873093,2.363730964825919,-2.7927755683813036,0.0,-0.0,0.0,0.581831149243265,-0.8133096051137363,0.27718200219166406,0.0,0.0,0.0,0.0,-0.05206661691471291,365.88,-71.15887850467335,1754048145.8591108,0.28554042328327334,-3.954923185061998,0.0,1754048145.8466218,map,base_link,0.053460121154785156,80.71567392349243
1754048145.91905,2.366771804752929,-2.8016342520615445,0.0,-0.0,0.0,0.580955237098696,-0.8139355088012796,0.27154334361160737,0.0,0.0,0.0,0.0,-0.03474094710114702,366.75,-71.03551401869186,1754048145.896667,0.2527997838309361,-3.9875490956179576,0.0,1754048145.896667,map,base_link,0.045957088470458984,80.76163101196289
1754048145.9694762,2.372141458559123,-2.8172057523280607,0.0,-0.0,0.0,0.5800786516400724,-0.8145604691558728,0.26125171194008473,0.0,0.0,0.0,0.0,0.017219837401330464,368.29,-70.91214953271037,1754048145.9591403,0.24944948637381054,-4.003676101214077,0.0,1754048145.9591403,map,base_link,0.05042624473571777,80.81205725669861
1754048146.0202696,2.3752131918265995,-2.8260537688031544,0.0,-0.0,0.0,0.5792013938833384,-0.8151844854531997,0.25859946613122126,0.0,0.0,0.0,0.0,0.034591873868547326,369.16,-70.78878504672909,1754048145.996597,0.24756348303319692,-4.012850300482092,0.0,1754048145.996597,map,base_link,0.05079340934753418,80.86285066604614
1754048146.069287,2.3803707039341635,-2.840673054160185,0.0,-0.0,0.0,0.5756856602213851,-0.8176710956218692,0.25152656741339247,0.0,0.0,0.0,0.0,0.09005221105033565,370.62,-70.2953271028038,1754048146.059104,0.24451792661013044,-4.028050564347034,0.0,1754048146.059104,map,base_link,0.04901742935180664,80.91186809539795
1754048146.128565,2.383750067299586,-2.850097481862807,0.0,-0.0,0.0,0.5748050562404676,-0.8182903808064671,0.254098058568409,0.0,0.0,0.0,0.0,0.10727510602945352,371.56,-70.17196261682302,1754048146.096725,0.24552269347698186,-4.037958716938275,0.0,1754048146.096725,map,base_link,0.059278011322021484,80.97114610671997
1754048146.1694634,2.3891405781628516,-2.864976516133561,0.0,-0.0,0.0,0.5739237860734115,-0.8189087176109197,0.2560081990037105,0.0,0.0,0.0,0.0,0.051766226127915024,373.04,-70.04859813084151,1754048146.159107,0.24952554229801704,-4.05340478629069,0.0,1754048146.159107,map,base_link,0.04089832305908203,81.01204442977905
1754048146.2197,2.3925402255698014,-2.874393645833523,0.0,-0.0,0.0,0.5748050562404662,-0.8182903808064681,0.26069722087400216,0.0,0.0,0.0,0.0,0.017501197024529423,373.98,-70.17196261682281,1754048146.1968088,0.24749317684328465,-4.063208327739365,0.0,1754048146.1968088,map,base_link,0.05023670196533203,81.06228113174438
1754048146.269025,2.3978737740248324,-2.888949672806097,0.0,-0.0,0.0,0.5712759886730214,-0.8207580305824987,0.25584539939308026,0.0,0.0,0.0,0.0,0.05197741876303171,375.44,-69.67850467289733,1754048146.2593064,0.24441883520754581,-4.078402836084659,0.0,1754048146.2593064,map,base_link,0.049324989318847656,81.11160612106323
1754048146.319385,2.401160695002766,-2.897720017859256,0.0,-0.0,0.0,0.5686222324130251,-0.8225987823997964,0.25084450014585147,0.0,0.0,0.0,0.0,0.12066235246414117,376.33,-69.30841121495332,1754048146.2967293,0.24262895875599166,-4.087596265485858,0.0,1754048146.2967293,map,base_link,0.05035996437072754,81.16196608543396
1754048146.3779306,2.406772884393539,-2.912516849221412,0.0,-0.0,0.0,0.5659625449741982,-0.8244309538623162,0.2511409528734804,0.0,0.0,0.0,0.0,0.12169467868929576,377.83,-68.93831775700983,1754048146.359175,0.23556263530143273,-4.103231189327333,0.0,1754048146.359175,map,base_link,0.058545589447021484,81.22051167488098
1754048146.421167,2.4100590221531673,-2.920941702092797,0.0,-0.0,0.0,0.5624071167366866,-0.826860468908707,0.24799534855560884,0.0,0.0,0.0,0.0,0.1385379238227316,378.69,-68.44485981308438,1754048146.3967588,0.22791392602931976,-4.112019698408069,0.0,1754048146.3967588,map,base_link,0.04323625564575195,81.26374793052673
1754048146.4690602,2.415792039896701,-2.935345062070066,0.0,-0.0,0.0,0.5588412594390806,-0.8292746509742971,0.24032420385421674,0.0,0.0,0.0,0.0,0.1892959964071685,380.16,-67.95140186915928,1754048146.4592195,0.22504691829576493,-4.127254675852694,0.0,1754048146.4592195,map,base_link,0.04789328575134277,81.31164121627808
1754048146.5296628,2.418863259252161,-2.9428122967803843,0.0,-0.0,0.0,0.5543693727052198,-0.8322707483784475,0.2377340569759842,0.0,0.0,0.0,0.0,0.20610994580678077,380.93,-67.33457943925251,1754048146.4967995,0.2236441883689852,-4.135206048771936,0.0,1754048146.4967995,map,base_link,0.060602664947509766,81.37224388122559
1754048146.5689754,2.4241895952818524,-2.955287229600869,0.0,-0.0,0.0,0.5471809979989501,-0.8370143101697085,0.2221354161884007,0.0,0.0,0.0,0.0,0.2752305956482883,382.24,-66.3476635514022,1754048146.5591705,0.23120209696098154,-4.138532796130543,0.0,1754048146.5591705,map,base_link,0.03931260108947754,81.41155648231506
1754048146.6196477,2.428216770749859,-2.964453566882352,0.0,-0.0,0.0,0.5462795864433637,-0.8376028972223457,0.23264695107773278,0.0,0.0,0.0,0.0,0.20655717245868405,383.2,-66.22429906542106,1754048146.596671,0.23004367583751606,-4.148477540567115,0.0,1754048146.596671,map,base_link,0.050672292709350586,81.46222877502441
1754048146.6696362,2.434434835080943,-2.978654257239894,0.0,-0.0,0.0,0.5444748650003693,-0.8387771583578261,0.2481183160582081,0.0,0.0,0.0,0.0,0.10383557616806853,384.69,-65.97757009345814,1754048146.6591759,0.2282309702114721,-4.163873579959426,0.0,1754048146.6591759,map,base_link,0.049988508224487305,81.5122172832489
1754048146.7199502,2.438010445468973,-2.986607575277776,0.0,-0.0,0.0,0.5417630526990654,-0.8405312574379311,0.24815100147374106,0.0,0.0,0.0,0.0,0.1037687918117072,385.53,-65.60747663551459,1754048146.6967058,0.22729605561565347,-4.172543423796383,0.0,1754048146.6967058,map,base_link,0.05031394958496094,81.56253123283386
1754048146.7783327,2.4438787145215466,-2.9991941630647228,0.0,-0.0,0.0,0.5335938231366444,-0.8457408775212532,0.22481029350752424,0.0,0.0,0.0,0.0,0.29308265340128703,386.88,-64.49719626168265,1754048146.7592165,0.22624674894982988,-4.183473937946514,0.0,1754048146.746701,map,base_link,0.058382511138916016,81.62091374397278
1754048146.8226929,2.4478142534723264,-3.0073359426217015,0.0,-0.0,0.0,0.5299469298044764,-0.8480308081613599,0.2300598103456178,0.0,0.0,0.0,0.0,0.25838765060812474,387.76,-64.0037383177575,1754048146.79679,0.23152417980815249,-4.188076452129723,0.0,1754048146.79679,map,base_link,0.04436016082763672,81.66527390480042
1754048146.8692346,2.454383431167687,-3.0206610267110965,0.0,-0.0,0.0,0.5244581851188738,-0.851436205515021,0.23344847399759447,0.0,0.0,0.0,0.0,0.22187596363685708,389.21,-63.26355140186942,1754048146.860095,0.24414481568955335,-4.18024964785981,0.0,1754048146.860095,map,base_link,0.046541690826416016,81.71181559562683
1754048146.9214742,2.458193447318751,-3.02814403505917,0.0,-0.0,0.0,0.5207868511574709,-0.8536867432855487,0.23798913575696562,0.0,0.0,0.0,0.0,0.20616714566331446,390.03,-62.77009345794415,1754048146.8966727,0.2431537098974195,-4.18858807374948,0.0,1754048146.8966727,map,base_link,0.05223965644836426,81.7640552520752
1754048146.969391,2.4645436229387343,-3.040130201751819,0.0,-0.0,0.0,0.5115664150627253,-0.8592437389820606,0.22241944587743276,0.0,0.0,0.0,0.0,0.3092359634685787,391.36,-61.53644859813087,1754048146.9592843,0.24177180901086853,-4.202081897237592,0.0,1754048146.9592843,map,base_link,0.04791688919067383,81.81197214126587
1754048147.0369427,2.4688767632528803,-3.0480675305101794,0.0,-0.0,0.0,0.5097151788666721,-0.8603432085121127,0.22465306066748497,0.0,0.0,0.0,0.0,0.25819107667686797,392.25,-61.28971962616829,1754048146.9967973,0.2409631233607281,-4.211088745760779,0.0,1754048146.9967973,map,base_link,0.0675516128540039,81.87952375411987
1754048147.0694256,2.4752789025057975,-3.059658587210289,0.0,-0.0,0.0,0.5050767690824475,-0.8630744216654993,0.22228300272662976,0.0,0.0,0.0,0.0,0.17236766218903926,393.55,-60.67289719626166,1754048147.0591867,0.23985274033469633,-4.228292029746251,0.0,1754048147.0591867,map,base_link,0.03248286247253418,81.91200661659241
1754048147.1231098,2.4795908048067745,-3.0672379653272066,0.0,-0.0,0.0,0.5004237250167273,-0.8657806277807231,0.22485403213757568,0.0,0.0,0.0,0.0,0.19031535677233194,394.42,-60.056074766355174,1754048147.0966742,0.23920679384608512,-4.242982746093021,0.0,1754048147.0966742,map,base_link,0.053684234619140625,81.96569085121155
1754048147.1694205,2.486588672907547,-3.079233523085086,0.0,-0.0,0.0,0.49575618148853545,-0.8684617484471646,0.21971177929702557,0.0,0.0,0.0,0.0,0.22468262794047714,395.79,-59.439252336448945,1754048147.159214,0.23830976637854334,-4.256841277963349,0.0,1754048147.159214,map,base_link,0.0463106632232666,82.01200151443481
1754048147.2197285,2.491682578148746,-3.087852807491064,0.0,-0.0,0.0,0.4948209447410929,-0.8689949554776094,0.23336608810001547,0.0,0.0,0.0,0.0,0.17026551909229937,396.78,-59.315887850467504,1754048147.1992166,0.237719675156086,-4.266835862828496,0.0,1754048147.1992166,map,base_link,0.0503079891204834,82.0623095035553
1754048147.2812464,2.4988348249975356,-3.0997569634415045,0.0,-0.0,0.0,0.49013618041028556,-0.8716458711270397,0.2377251620845287,0.0,0.0,0.0,0.0,0.13940709669895762,398.15,-58.69906542056111,1754048147.2592041,0.23700175175985055,-4.280704826375769,0.0,1754048147.2592041,map,base_link,0.061517953872680664,82.12382745742798
1754048147.3248162,2.503726601826031,-3.107744003571738,0.0,-0.0,0.0,0.487318496441473,-0.8732243028145873,0.23909601025867389,0.0,0.0,0.0,0.0,0.16278180344408588,399.08,-58.32897196261706,1754048147.2976358,0.23994431650969988,-4.293403579565531,0.0,1754048147.2976358,map,base_link,0.04356980323791504,82.1673972606659
1754048147.3692622,2.5117793635223706,-3.1206112140411806,0.0,-0.0,0.0,0.4807241837362105,-0.8768718601775028,0.24419619719025518,0.0,0.0,0.0,0.0,0.21508428518794256,400.59,-57.46542056074775,1754048147.3591518,0.24606995493180145,-4.315234064529114,0.0,1754048147.3591518,map,base_link,0.04444599151611328,82.211843252182
1754048147.419848,2.516665065855086,-3.1282208924520276,0.0,-0.0,0.0,0.47883506366245726,-0.8779048819817387,0.2435003045732569,0.0,0.0,0.0,0.0,0.21446685166304028,401.49,-57.21869158878534,1754048147.397967,0.24583962828799055,-4.324274210680453,0.0,1754048147.397967,map,base_link,0.05058574676513672,82.26242899894714
1754048147.4691973,2.5251099835636728,-3.141221211061531,0.0,-0.0,0.0,0.47694372375306243,-0.8789338338990953,0.2481804613149689,0.0,0.0,0.0,0.0,0.1396199974294286,403.03,-56.971962616822445,1754048147.4592526,0.24552741272186146,-4.339773482937358,0.0,1754048147.4592526,map,base_link,0.049349308013916016,82.31177830696106
1754048147.519499,2.5251099835636728,-3.141221211061531,0.0,-0.0,0.0,0.47694372375306243,-0.8789338338990953,0.2481804613149689,0.0,0.0,0.0,0.0,0.1396199974294286,403.03,-56.971962616822445,1754048147.4592526,0.24552741272186146,-4.339773482937358,0.0,1754048147.4592526,map,base_link,0.05030179023742676,82.36208009719849
1754048147.5695798,2.5251099835636728,-3.141221211061531,0.0,-0.0,0.0,0.47694372375306243,-0.8789338338990953,0.2481804613149689,0.0,0.0,0.0,0.0,0.1396199974294286,403.03,-56.971962616822445,1754048147.4592526,0.24552741272186146,-4.339773482937358,0.0,1754048147.4592526,map,base_link,0.05008077621459961,82.41216087341309
1754048147.6300445,2.5251099835636728,-3.141221211061531,0.0,-0.0,0.0,0.47694372375306243,-0.8789338338990953,0.2481804613149689,0.0,0.0,0.0,0.0,0.1396199974294286,403.03,-56.971962616822445,1754048147.4592526,0.24552741272186146,-4.339773482937358,0.0,1754048147.4592526,map,base_link,0.06046462059020996,82.4726254940033
1754048147.669491,2.5251099835636728,-3.141221211061531,0.0,-0.0,0.0,0.47694372375306243,-0.8789338338990953,0.2481804613149689,0.0,0.0,0.0,0.0,0.1396199974294286,403.03,-56.971962616822445,1754048147.4592526,0.24552741272186146,-4.339773482937358,0.0,1754048147.4592526,map,base_link,0.03944659233093262,82.51207208633423
1754048147.7205594,2.5251099835636728,-3.141221211061531,0.0,-0.0,0.0,0.47694372375306243,-0.8789338338990953,0.2481804613149689,0.0,0.0,0.0,0.0,0.1396199974294286,403.03,-56.971962616822445,1754048147.4592526,0.24552741272186146,-4.339773482937358,0.0,1754048147.4592526,map,base_link,0.05106830596923828,82.56314039230347
1754048147.7697072,2.5251099835636728,-3.141221211061531,0.0,-0.0,0.0,0.47694372375306243,-0.8789338338990953,0.2481804613149689,0.0,0.0,0.0,0.0,0.1396199974294286,403.03,-56.971962616822445,1754048147.4592526,0.24552741272186146,-4.339773482937358,0.0,1754048147.4592526,map,base_link,0.049147844314575195,82.61228823661804
1754048147.8195786,2.5251099835636728,-3.141221211061531,0.0,-0.0,0.0,0.47694372375306243,-0.8789338338990953,0.2481804613149689,0.0,0.0,0.0,0.0,0.1396199974294286,403.03,-56.971962616822445,1754048147.4592526,0.24552741272186146,-4.339773482937358,0.0,1754048147.4592526,map,base_link,0.04987144470214844,82.66215968132019
1754048147.8764606,2.5251099835636728,-3.141221211061531,0.0,-0.0,0.0,0.47694372375306243,-0.8789338338990953,0.2481804613149689,0.0,0.0,0.0,0.0,0.1396199974294286,403.03,-56.971962616822445,1754048147.4592526,0.24552741272186146,-4.339773482937358,0.0,1754048147.4592526,map,base_link,0.05688190460205078,82.71904158592224
1754048147.920226,2.5251099835636728,-3.141221211061531,0.0,-0.0,0.0,0.47694372375306243,-0.8789338338990953,0.2481804613149689,0.0,0.0,0.0,0.0,0.1396199974294286,403.03,-56.971962616822445,1754048147.4592526,0.24552741272186146,-4.339773482937358,0.0,1754048147.4592526,map,base_link,0.04376554489135742,82.7628071308136
1754048147.9702904,2.5251099835636728,-3.141221211061531,0.0,-0.0,0.0,0.47694372375306243,-0.8789338338990953,0.2481804613149689,0.0,0.0,0.0,0.0,0.1396199974294286,403.03,-56.971962616822445,1754048147.4592526,0.24552741272186146,-4.339773482937358,0.0,1754048147.4592526,map,base_link,0.0500643253326416,82.81287145614624
1754048148.0197206,2.5251099835636728,-3.141221211061531,0.0,-0.0,0.0,0.47694372375306243,-0.8789338338990953,0.2481804613149689,0.0,0.0,0.0,0.0,0.1396199974294286,403.03,-56.971962616822445,1754048147.4592526,0.24552741272186146,-4.339773482937358,0.0,1754048147.4592526,map,base_link,0.049430131912231445,82.86230158805847
1754048148.0697346,2.5251099835636728,-3.141221211061531,0.0,-0.0,0.0,0.47694372375306243,-0.8789338338990953,0.2481804613149689,0.0,0.0,0.0,0.0,0.1396199974294286,403.03,-56.971962616822445,1754048147.4592526,0.24552741272186146,-4.339773482937358,0.0,1754048147.4592526,map,base_link,0.05001401901245117,82.91231560707092
1754048148.1238914,2.5251099835636728,-3.141221211061531,0.0,-0.0,0.0,0.47694372375306243,-0.8789338338990953,0.2481804613149689,0.0,0.0,0.0,0.0,0.1396199974294286,403.03,-56.971962616822445,1754048147.4592526,0.24552741272186146,-4.339773482937358,0.0,1754048147.4592526,map,base_link,0.05415678024291992,82.96647238731384
1754048148.169559,2.5251099835636728,-3.141221211061531,0.0,-0.0,0.0,0.47694372375306243,-0.8789338338990953,0.2481804613149689,0.0,0.0,0.0,0.0,0.1396199974294286,403.03,-56.971962616822445,1754048147.4592526,0.24552741272186146,-4.339773482937358,0.0,1754048147.4592526,map,base_link,0.04566764831542969,83.01214003562927
1754048148.2373545,2.5251099835636728,-3.141221211061531,0.0,-0.0,0.0,0.47694372375306243,-0.8789338338990953,0.2481804613149689,0.0,0.0,0.0,0.0,0.1396199974294286,403.03,-56.971962616822445,1754048147.4592526,0.24552741272186146,-4.339773482937358,0.0,1754048147.4592526,map,base_link,0.0677955150604248,83.0799355506897
1754048148.2693887,2.5251099835636728,-3.141221211061531,0.0,-0.0,0.0,0.47694372375306243,-0.8789338338990953,0.2481804613149689,0.0,0.0,0.0,0.0,0.1396199974294286,403.03,-56.971962616822445,1754048147.4592526,0.24552741272186146,-4.339773482937358,0.0,1754048147.4592526,map,base_link,0.03203415870666504,83.11196970939636
1754048148.3204381,2.5251099835636728,-3.141221211061531,0.0,-0.0,0.0,0.47694372375306243,-0.8789338338990953,0.2481804613149689,0.0,0.0,0.0,0.0,0.1396199974294286,403.03,-56.971962616822445,1754048147.4592526,0.24552741272186146,-4.339773482937358,0.0,1754048147.4592526,map,base_link,0.05104947090148926,83.16301918029785
1754048148.370696,2.5251099835636728,-3.141221211061531,0.0,-0.0,0.0,0.47694372375306243,-0.8789338338990953,0.2481804613149689,0.0,0.0,0.0,0.0,0.1396199974294286,403.03,-56.971962616822445,1754048147.4592526,0.24552741272186146,-4.339773482937358,0.0,1754048147.4592526,map,base_link,0.05025792121887207,83.21327710151672
1754048148.41966,2.5251099835636728,-3.141221211061531,0.0,-0.0,0.0,0.47694372375306243,-0.8789338338990953,0.2481804613149689,0.0,0.0,0.0,0.0,0.1396199974294286,403.03,-56.971962616822445,1754048147.4592526,0.24552741272186146,-4.339773482937358,0.0,1754048147.4592526,map,base_link,0.04896402359008789,83.26224112510681
1754048148.4698055,2.5251099835636728,-3.141221211061531,0.0,-0.0,0.0,0.47694372375306243,-0.8789338338990953,0.2481804613149689,0.0,0.0,0.0,0.0,0.1396199974294286,403.03,-56.971962616822445,1754048147.4592526,0.24552741272186146,-4.339773482937358,0.0,1754048147.4592526,map,base_link,0.05014538764953613,83.31238651275635
1754048148.5312212,2.5018725150863936,-3.1014624989582393,0.0,-0.0,0.0,0.36174622771332693,-0.9322766041981199,87.48365250390067,0.0,0.0,0.0,0.0,-547.3444594057116,398.48,-42.41495327102831,1754048148.4807794,0.13737345971921672,-4.457848470406218,0.0,1754048148.4753623,map,base_link,0.061415672302246094,83.3738021850586
1754048148.571063,2.511701109303363,-3.1103359809702704,0.0,-0.0,0.0,0.35672276100678624,-0.9342102931244631,0.22446342657342142,0.0,0.0,0.0,0.0,0.2118463971682289,399.79,-41.79813084112208,1754048148.5373118,0.27540449765129815,-4.284478702200774,0.0,1754048148.5243158,map,base_link,0.03984189033508301,83.41364407539368
1754048148.6194632,2.519676382907917,-3.117406066235597,0.0,-0.0,0.0,0.35370371046264504,-0.9353575173188898,0.24510016114635458,0.0,0.0,0.0,0.0,0.14769275799604029,400.84,-41.428037383178015,1754048148.5810456,0.2766840482232648,-4.29179590329511,0.0,1754048148.5551593,map,base_link,0.048400163650512695,83.46204423904419
1754048148.6708627,2.527952769648837,-3.1246227049364914,0.0,-0.0,0.0,0.34765457267703775,-0.9376226842908325,0.22715243931512014,0.0,0.0,0.0,0.0,0.2731876351776578,401.92,-40.68785046729004,1754048148.6296315,0.2775356885058504,-4.29656496963214,0.0,1754048148.5769448,map,base_link,0.05139946937561035,83.5134437084198
1754048148.7217624,2.542019695859449,-3.1364973505433205,0.0,-0.0,0.0,0.33855374776911845,-0.9409470547652956,0.22577806827924557,0.0,0.0,0.0,0.0,0.2603603935346539,403.73,-39.57757009345811,1754048148.7100937,0.2801438064455628,-4.3105340062411,0.0,1754048148.6380565,map,base_link,0.05089974403381348,83.56434345245361
1754048148.777378,2.5505181804908106,-3.143451033099227,0.0,-0.0,0.0,0.332468821510655,-0.9431142469093107,0.2148540954821226,0.0,0.0,0.0,0.0,0.3079003310788776,404.8,-38.83738317757034,1754048148.7621708,0.2481808298780508,-4.267624205790818,0.0,1754048148.7011917,map,base_link,0.05561566352844238,83.61995911598206
1754048148.8223686,2.556068330570579,-3.1478872950006953,0.0,-0.0,0.0,0.32840448185767446,-0.9445371862959088,0.2019665289688731,0.0,0.0,0.0,0.0,0.25235565530994974,405.5,-38.34392523364503,1754048148.796716,0.28819450535355884,-4.401146068850896,0.0,1754048148.7445478,map,base_link,0.04499053955078125,83.66494965553284
1754048148.8696902,2.564755434468216,-3.154603622317707,0.0,-0.0,0.0,0.31821715496925446,-0.9480178491374904,0.1805666574660045,0.0,0.0,0.0,0.0,0.36982406900965226,406.56,-37.110280373832026,1754048148.8565998,0.3096840012788027,-4.478167801751238,0.0,1754048148.8565998,map,base_link,0.04732155799865723,83.7122712135315
1754048148.9206324,2.5709788901196418,-3.159224072217794,0.0,-0.0,0.0,0.3100406828253048,-0.9507232904442905,0.18087127298039074,0.0,0.0,0.0,0.0,0.3835336212552966,407.32,-36.12336448598121,1754048148.8996117,0.3106084463622273,-4.485863603126807,0.0,1754048148.8996117,map,base_link,0.050942182540893555,83.76321339607239
1754048148.9705176,2.577807609693182,-3.1641106488055253,0.0,-0.0,0.0,0.299787824361278,-0.95400590164041,0.16791186642912911,0.0,0.0,0.0,0.0,0.436203364311892,408.13,-34.8897196261684,1754048148.9545052,0.31175584376682486,-4.494181867426391,0.0,1754048148.9545052,map,base_link,0.04988527297973633,83.81309866905212
1754048149.0305352,2.583134717323153,-3.167763584166639,0.0,-0.0,0.0,0.2915604644468354,-0.9565524008498153,0.1429399532439815,0.0,0.0,0.0,0.0,0.3860664769181251,408.75,-33.90280373831792,1754048148.999328,0.3084108669999389,-4.493372237267969,0.0,1754048148.999328,map,base_link,0.06001758575439453,83.87311625480652
1754048149.069311,2.5890665301720865,-3.1716746165349896,0.0,-0.0,0.0,0.2812459243247865,-0.9596357277898194,0.12698420157756607,0.0,0.0,0.0,0.0,0.4038107962970237,409.42,-32.669158878504795,1754048149.0559878,0.3051475292266185,-4.477595532837076,0.0,1754048149.0559878,map,base_link,0.03877568244934082,83.91189193725586
1754048149.119355,2.5931697287226574,-3.174249947378727,0.0,-0.0,0.0,0.2719349349497765,-0.9623156400858612,0.12307845336375885,0.0,0.0,0.0,0.0,0.490955793691387,409.88,-31.558878504673217,1754048149.0966303,0.3055973675855672,-4.482419039108548,0.0,1754048149.0966303,map,base_link,0.05004405975341797,83.96193599700928
1754048149.1694658,2.5992946208722585,-3.1778503870815586,0.0,-0.0,0.0,0.2532372478174463,-0.9674042052409351,0.11431084035619792,0.0,0.0,0.0,0.0,0.5594361386820349,410.55,-29.33831775700924,1754048149.1591568,0.3147924753434739,-4.489608568170515,0.0,1754048149.1591568,map,base_link,0.050110816955566406,84.01204681396484
1754048149.219321,2.602411930307661,-3.179554223406764,0.0,-0.0,0.0,0.24176362270780616,-0.9703351744295358,0.104867292975095,0.0,0.0,0.0,0.0,0.5943000506639359,410.88,-27.981308411214943,1754048149.198804,0.32739795556249707,-4.492968459129889,0.0,1754048149.198804,map,base_link,0.04985523223876953,84.06190204620361
1754048149.2873507,2.608179666176931,-3.182461106663725,0.0,-0.0,0.0,0.22081675300634776,-0.9753153139327474,0.10313003736431545,0.0,0.0,0.0,0.0,0.6526392605173152,411.47,-25.514018691588905,1754048149.2601795,0.32848559387460274,-4.4993350744181955,0.0,1754048149.2601795,map,base_link,0.06802964210510254,84.12993168830872
1754048149.320734,2.6114036750866307,-3.183953233631958,0.0,-0.0,0.0,0.20925171886388363,-0.9778618093332566,0.10023199326090426,0.0,0.0,0.0,0.0,0.6682132884061491,411.79,-24.157009345794197,1754048149.2967558,0.32920033992028297,-4.502814990283462,0.0,1754048149.2967558,map,base_link,0.03338336944580078,84.16331505775452
1754048149.3690686,2.617052476061102,-3.186349267706557,0.0,-0.0,0.0,0.1892075622136352,-0.9819371152987209,0.09839647272380073,0.0,0.0,0.0,0.0,0.6559764848254589,412.33,-21.813084112149443,1754048149.3592339,0.3306282856231266,-4.508782477426771,0.0,1754048149.3592339,map,base_link,0.048334598541259766,84.21164965629578
1754048149.4303524,2.6203660761969947,-3.1876301777262506,0.0,-0.0,0.0,0.17756632995357105,-0.9841088346655666,0.09409193176565181,0.0,0.0,0.0,0.0,0.6272795451044659,412.64,-20.456074766355144,1754048149.399003,0.3315661647603332,-4.5122090003091015,0.0,1754048149.399003,map,base_link,0.06128382682800293,84.27293348312378
1754048149.4717286,2.6252378436604142,-3.189352410412385,0.0,-0.0,0.0,0.16058961956718493,-0.9870212632396866,0.08815183594440133,0.0,0.0,0.0,0.0,0.5876789062961294,413.08,-18.482242990654253,1754048149.4591582,0.33307458785916255,-4.517151152006261,0.0,1754048149.4591582,map,base_link,0.04137611389160156,84.31430959701538
1754048149.5190463,2.627696937302526,-3.1901450373829165,0.0,-0.0,0.0,0.14995466027605087,-0.9886928743859208,0.07985150290572256,0.0,0.0,0.0,0.0,0.5680333757544179,413.3,-17.248598130841234,1754048149.4976091,0.3338976830928897,-4.519600215764375,0.0,1754048149.4976091,map,base_link,0.0473177433013916,84.36162734031677
1754048149.5690885,2.632348993579022,-3.191495860533161,0.0,-0.0,0.0,0.13183600515711522,-0.9912715408727384,0.07761299099444513,0.0,0.0,0.0,0.0,0.5875216267857895,413.7,-15.151401869159365,1754048149.559217,0.3355743781688194,-4.524144997871943,0.0,1754048149.559217,map,base_link,0.050042152404785156,84.41166949272156
1754048149.6207674,2.634224748232639,-3.1919821716651082,0.0,-0.0,0.0,0.11901942184339627,-0.9928919262558558,0.06709824326519416,0.0,0.0,0.0,0.0,0.6121011891735803,413.86,-13.671028037383419,1754048149.5985568,0.34384804024640836,-4.52626192932764,0.0,1754048149.5985568,map,base_link,0.05167889595031738,84.46334838867188
1754048149.6823142,2.6373756894849034,-3.192689923536172,0.0,-0.0,0.0,0.0997579727051236,-0.9950117320322227,0.060014355210343984,0.0,0.0,0.0,0.0,0.6332410596965994,414.11,-11.450467289719908,1754048149.659155,0.3897218114974361,-4.55073519351757,0.0,1754048149.6467779,map,base_link,0.06154680252075195,84.52489519119263
1754048149.724794,2.6392791692750217,-3.193052774332597,0.0,-0.0,0.0,0.0868957490912338,-0.9962174104029067,0.05137218077106136,0.0,0.0,0.0,0.0,0.6426682990020833,414.26,-9.970093457944317,1754048149.6977596,0.40238334378566587,-4.549995969978205,0.0,1754048149.6977596,map,base_link,0.042479753494262695,84.56737494468689
1754048149.7698472,2.6418330116703883,-3.1934431193412838,0.0,-0.0,0.0,0.06542754405684711,-0.9978573227063523,0.04612003930183154,0.0,0.0,0.0,0.0,0.6879826547875798,414.46,-7.502803738317926,1754048149.7591617,0.4031711279093626,-4.552456432613693,0.0,1754048149.7591617,map,base_link,0.04505324363708496,84.61242818832397
1754048149.8287914,2.6440781029786016,-3.193708294397028,0.0,-0.0,0.0,0.05145632281794205,-0.9986752459343606,0.04667657406290892,0.0,0.0,0.0,0.0,0.6941634657273535,414.62,-5.899065420560692,1754048149.7967896,0.40393349114505295,-4.554584707757858,0.0,1754048149.7967896,map,base_link,0.0589442253112793,84.67137241363525
1754048149.868991,2.646331160510456,-3.1938925097102104,0.0,-0.0,0.0,0.02671503914986904,-0.9996430896491112,0.04663311472542527,0.0,0.0,0.0,0.0,0.7577871275122255,414.78,-3.061682242990748,1754048149.8592372,0.40477189081728193,-4.556684062304632,0.0,1754048149.8592372,map,base_link,0.04019951820373535,84.71157193183899
1754048149.9189498,2.6482672305640893,-3.1939730857253714,0.0,-0.0,0.0,0.011646139390163374,-0.9999321814189724,0.04411078210831086,0.0,0.0,0.0,0.0,0.7755693028808587,414.91,-1.3345794392525339,1754048149.8967037,0.3959044801593026,-4.558408796574983,0.0,1754048149.8967037,map,base_link,0.04995894432067871,84.76153087615967
1754048149.9690723,2.6505277914557674,-3.193980197328513,0.0,0.0,-0.0,-0.013114060703757952,-0.9999140070085318,0.038840708040815186,0.0,0.0,0.0,0.0,0.8102782221462753,415.05,1.5028037383173605,1754048149.9598377,0.44053313080498846,-4.579609590369052,0.0,1754048149.9598377,map,base_link,0.05012249946594238,84.81165337562561
1754048150.019099,2.652141210002861,-3.19391387211403,0.0,0.0,-0.0,-0.029258633904806312,-0.9995718745253012,0.039057364593472615,0.0,0.0,0.0,0.0,0.8091057972012834,415.15,3.3532710280375224,1754048149.9967155,0.4227159627762851,-4.6007657715364125,0.0,1754048149.9967155,map,base_link,0.050026655197143555,84.86168003082275
1754048150.0726168,2.6543952244440097,-3.1937410586526394,0.0,0.0,-0.0,-0.04969693688411602,-0.998764343809057,0.041455651981427546,0.0,0.0,0.0,0.0,0.8209945239054399,415.28,5.697196261681965,1754048150.0474656,0.4234976762771203,-4.6028869432871105,0.0,1754048150.0474656,map,base_link,0.053517818450927734,84.91519784927368
1754048150.1198828,2.656639779609964,-3.1934727648187606,0.0,0.0,-0.0,-0.07226210120070002,-0.9973856770227151,0.04449848029914907,0.0,0.0,0.0,0.0,0.8504817644360669,415.4,8.287850467289491,1754048150.0967994,0.4353667192805082,-4.5647246034935485,0.0,1754048150.0967994,map,base_link,0.04726600646972656,84.96246385574341
1754048150.1689847,2.6591864836947487,-3.1930385601323295,0.0,0.0,-0.0,-0.0980049656141778,-0.9951859257018076,0.041220486504695765,0.0,0.0,0.0,0.0,0.8702900867948177,415.53,11.248598130840874,1754048150.159246,0.43640604566241414,-4.567089774962396,0.0,1754048150.159246,map,base_link,0.049101829528808594,85.01156568527222
1754048150.2258692,2.6607645109983165,-3.1926959987927455,0.0,0.0,-0.0,-0.11406212305221984,-0.9934736192193632,0.04110672985773233,0.0,0.0,0.0,0.0,0.8672191377035963,415.61,13.099065420560324,1754048150.198098,0.437121363585693,-4.568537476143863,0.0,1754048150.198098,map,base_link,0.0568845272064209,85.06845021247864
1754048150.269227,2.663265189798187,-3.1920470159394068,0.0,0.0,-0.0,-0.1375576419258532,-0.9904937633058568,0.041214803562910955,0.0,0.0,0.0,0.0,0.801032928739728,415.72,15.81308411214944,1754048150.259161,0.4383578754631734,-4.57080587019713,0.0,1754048150.259161,map,base_link,0.04335784912109375,85.11180806159973
1754048150.3259172,2.6648137512213688,-3.1915892836655892,0.0,0.0,-0.0,-0.15140593287531334,-0.9884716705551839,0.04418634069307425,0.0,0.0,0.0,0.0,0.7815235639626439,415.78,17.416822429906162,1754048150.2967625,0.43917776905313266,-4.572197033673148,0.0,1754048150.2967625,map,base_link,0.056690216064453125,85.16849827766418
1754048150.3719945,2.6666494359069204,-3.1909689732972257,0.0,0.0,-0.0,-0.1747725218409692,-0.9846088388844313,0.03608669496015148,0.0,0.0,0.0,0.0,0.7566818176456848,415.85,20.13084112149518,1754048150.35953,0.44391612196836094,-4.583948439585233,0.0,1754048150.35953,map,base_link,0.04607725143432617,85.21457552909851
1754048150.4215305,2.6678572546455492,-3.190510684463364,0.0,0.0,-0.0,-0.18747744909036734,-0.9822689072156202,0.03360986687305588,0.0,0.0,0.0,0.0,0.7410082706159905,415.89,21.611214953270615,1754048150.3966892,0.4527103768984766,-4.594426479087638,0.0,1754048150.3966892,map,base_link,0.04953598976135254,85.26411151885986
1754048150.469412,2.669046939627922,-3.1900072268304376,0.0,0.0,-0.0,-0.20858175378849383,-0.9780049345409849,0.026094285717203104,0.0,0.0,0.0,0.0,0.7248616577706986,415.93,24.078504672896855,1754048150.4591677,0.4534174421588495,-4.595507626007816,0.0,1754048150.4591677,map,base_link,0.0478816032409668,85.31199312210083
1754048150.5197487,2.6705118409384365,-3.1893278520930055,0.0,0.0,-0.0,-0.22224831054147168,-0.9749900965966073,0.03113891890368205,0.0,0.0,0.0,0.0,0.7244654699058946,415.97,25.68224299065358,1754048150.496756,0.4543465779475704,-4.596828304836876,0.0,1754048150.496756,map,base_link,0.050336599349975586,85.3623297214508
1754048150.569276,2.672239282693824,-3.1884500889133225,0.0,0.0,-0.0,-0.24527575955523698,-0.9694533520363946,0.033680968427364226,0.0,0.0,0.0,0.0,0.7429424546504476,416.02,28.396261682242898,1754048150.5591872,0.455517642211253,-4.598372044357712,0.0,1754048150.5591872,map,base_link,0.04952740669250488,85.41185712814331
1754048150.6233392,2.673648877783901,-3.1876623531927675,0.0,0.0,-0.0,-0.25881904510251885,-0.9659258262890688,0.03614677961306082,0.0,0.0,0.0,0.0,0.7590849596557405,416.05,29.999999999999776,1754048150.596787,0.45654710409545673,-4.5939472307762745,0.0,1754048150.596787,map,base_link,0.05406308174133301,85.46592020988464
1754048150.6694388,2.675572897123235,-3.1864756577418767,0.0,0.0,-0.0,-0.2847190580911905,-0.9586110045058241,0.03632433151717561,0.0,0.0,0.0,0.0,0.8253439118776151,416.08,33.084112149532295,1754048150.6592126,0.4585941139041485,-4.581192953828636,0.0,1754048150.6592126,map,base_link,0.04609966278076172,85.5120198726654
1754048150.719747,2.676646847111814,-3.1857577252730866,0.0,0.0,-0.0,-0.2991341813037127,-0.954211057143941,0.03598652505641001,0.0,0.0,0.0,0.0,0.8165516177718194,416.09,34.81121495327081,1754048150.6983466,0.4594686808965043,-4.58214370520707,0.0,1754048150.6983466,map,base_link,0.0503082275390625,85.56232810020447
1754048150.7689698,2.678733341101425,-3.1842341417139886,0.0,0.0,-0.0,-0.3216479763449269,-0.9468593239300194,0.03953033540066174,0.0,0.0,0.0,0.0,0.7905702262168011,416.11,37.525233644859824,1754048150.759178,0.4610619891733725,-4.583747451325867,0.0,1754048150.7467177,map,base_link,0.049222707748413086,85.61155080795288
1754048150.8196235,2.6802556241572444,-3.1830351773714702,0.0,0.0,-0.0,-0.3338529864911486,-0.9426251553034966,0.041230080859911804,0.0,0.0,0.0,0.0,0.7622207746487392,416.12,39.00560747663526,1754048150.7968419,0.465404620862218,-4.585807975797502,0.0,1754048150.7968419,map,base_link,0.050653696060180664,85.66220450401306
1754048150.8967884,2.6819738304198126,-3.1815661315906945,0.0,0.0,-0.0,-0.35708845431018016,-0.934070573242925,0.038939985142039585,0.0,0.0,0.0,0.0,0.7410534212829878,416.12,41.842990654205366,1754048150.859283,0.47521865557723775,-4.586677790294183,0.0,1754048150.859283,map,base_link,0.07716488838195801,85.73936939239502
1754048150.9194942,2.6829235951201884,-3.1806904594062866,0.0,0.0,-0.0,-0.36912529769541946,-0.9293796396528535,0.036510204468429605,0.0,0.0,0.0,0.0,0.7210226826597007,416.11,43.32336448598095,1754048150.8976226,0.4761954459806472,-4.587523210466897,0.0,1754048150.8976226,map,base_link,0.022705793380737305,85.76207518577576
1754048150.9721773,2.684302809438303,-3.1793294817661844,0.0,0.0,-0.0,-0.39103140377560847,-0.9203773363470426,0.034586763830723774,0.0,0.0,0.0,0.0,0.751669316610576,416.1,46.03738317756955,1754048150.9592755,0.47770269864794956,-4.588740864633341,0.0,1754048150.9592755,map,base_link,0.052683115005493164,85.81475830078125
1754048151.0265417,2.6851885283679,-3.178389057307516,0.0,0.0,-0.0,-0.4028885209016247,-0.9152490588499401,0.03477052277855626,0.0,0.0,0.0,0.0,0.7104619515561564,416.08,47.517757009345665,1754048150.9967442,0.47873663948246037,-4.589515372564508,0.0,1754048150.9967442,map,base_link,0.05436444282531738,85.86912274360657
1754048151.0746167,2.686469219523201,-3.176934964541285,0.0,0.0,-0.0,-0.42054750954531084,-0.907270517660106,0.031750348532873805,0.0,0.0,0.0,0.0,0.6517241732025213,416.05,49.73831775700898,1754048151.059198,0.480325354259429,-4.590624670074427,0.0,1754048151.059198,map,base_link,0.048074960708618164,85.91719770431519
1754048151.119667,2.6870865849679753,-3.1761882516359257,0.0,0.0,-0.0,-0.43126179573375795,-0.9022268359678149,0.03198466152102754,0.0,0.0,0.0,0.0,0.6261597300081151,416.04,51.095327102803324,1754048151.096792,0.504019887070061,-4.610666933577553,0.0,1754048151.096792,map,base_link,0.04505038261413574,85.96224808692932
1754048151.168903,2.6882751340745683,-3.174657942928642,0.0,0.0,-0.0,-0.4486631278683972,-0.8937009554047407,0.03096657074924286,0.0,0.0,0.0,0.0,0.6224545281542871,416.0,53.315887850466986,1754048151.1592124,0.5054957902977333,-4.611922402964244,0.0,1754048151.1592124,map,base_link,0.04923605918884277,86.01148414611816
1754048151.2192826,2.6888418959038534,-3.173872108276927,0.0,0.0,-0.0,-0.4592147537574554,-0.8883252838524184,0.028453174493178274,0.0,0.0,0.0,0.0,0.6377938558077638,415.97,54.672897196261296,1754048151.1972086,0.5062556260205189,-4.61252357244563,0.0,1754048151.1972086,map,base_link,0.05037951469421387,86.06186366081238
1754048151.2752144,2.6901024343238054,-3.1719955771963555,0.0,0.0,-0.0,-0.47728776845320875,-0.8787470546664473,0.03369419836189208,0.0,0.0,0.0,0.0,0.6392007571625721,415.91,57.01682242990619,1754048151.259192,0.5080742051865661,-4.61386636648097,0.0,1754048151.259192,map,base_link,0.055931806564331055,86.11779546737671
1754048151.3198268,2.690617289693041,-3.17117479767679,0.0,0.0,-0.0,-0.4876603052039005,-0.8730334625479361,0.03374031715234078,0.0,0.0,0.0,0.0,0.6399939400399188,415.88,58.37383177570086,1754048151.2967389,0.5088712609615458,-4.614417235941495,0.0,1754048151.2967389,map,base_link,0.04461240768432617,86.16240787506104
1754048151.374075,2.6916048113038054,-3.1695075976623586,0.0,0.0,-0.0,-0.5026251611464722,-0.8645044519159417,0.031081038579625447,0.0,0.0,0.0,0.0,0.5857154551366935,415.82,60.347663551401794,1754048151.359249,0.5125687661777896,-4.594791948831534,0.0,1754048151.359249,map,base_link,0.05424809455871582,86.21665596961975
1754048151.4273276,2.6922318120618325,-3.168378110000251,0.0,0.0,-0.0,-0.5119027489159631,-0.8590434073155327,0.03373672144175551,0.0,0.0,0.0,0.0,0.5698141518215807,415.77,61.58130841121466,1754048151.3967428,0.5135897365898732,-4.595583461147969,0.0,1754048151.3967428,map,base_link,0.0532526969909668,86.26990866661072
1754048151.4692953,2.692822006794258,-3.1672289776697373,0.0,0.0,-0.0,-0.5266230427723605,-0.8500989182566818,0.026012733201362142,0.0,0.0,0.0,0.0,0.5542680183624181,415.72,63.5551401869156,1754048151.4592311,0.5146357216816795,-4.596341583910412,0.0,1754048151.4592311,map,base_link,0.04196763038635254,86.31187629699707
1754048151.519472,2.693100914084292,-3.1666463655645316,0.0,0.0,-0.0,-0.5357441589423101,-0.8443803622534082,0.023613265782617597,0.0,0.0,0.0,0.0,0.5718203554259557,415.7,64.78878504672862,1754048151.4967532,0.5151691292319565,-4.596705867490709,0.0,1754048151.4967532,map,base_link,0.05017662048339844,86.36205291748047
1754048151.5697112,2.6935051052157104,-3.1657658134491657,0.0,0.0,-0.0,-0.5439001057128489,-0.8391499717008586,0.023357366872565795,0.0,0.0,0.0,0.0,0.5326890228900393,415.66,65.89906542056039,1754048151.535038,0.5159779527039685,-4.597239297045304,0.0,1754048151.535038,map,base_link,0.05023932456970215,86.41229224205017
1754048151.619431,2.693252167017668,-3.166360188019748,0.0,0.0,-0.0,-0.551106995182355,-0.8344345869276247,0.0025013852268827206,0.0,0.0,0.0,0.0,0.4130977261610883,415.69,66.8859813084112,1754048151.5966718,0.5468478999054649,-4.5761318200641385,0.0,1754048151.5966718,map,base_link,0.049719810485839844,86.46201205253601
1754048151.681679,2.693252167017668,-3.166360188019748,0.0,0.0,-0.0,-0.551106995182355,-0.8344345869276247,-0.010404612150973288,0.0,0.0,0.0,0.0,0.1549777786041586,415.69,66.8859813084112,1754048151.659268,0.5468478999054649,-4.5761318200641385,0.0,1754048151.659268,map,base_link,0.06224799156188965,86.5242600440979
1754048151.7195692,2.693252167017668,-3.166360188019748,0.0,0.0,-0.0,-0.551106995182355,-0.8344345869276247,-0.00425180083918889,0.0,0.0,0.0,0.0,0.028345338927655804,415.69,66.8859813084112,1754048151.6967793,0.5468478999054649,-4.5761318200641385,0.0,1754048151.6967793,map,base_link,0.03789019584655762,86.56215023994446
1754048151.7694137,2.6931250625262035,-3.166657092708199,0.0,0.0,-0.0,-0.5502083585734466,-0.8350274020389472,-0.002393835702567873,0.0,0.0,0.0,0.0,-0.015958904683664885,415.7,66.76261682242976,1754048151.7591748,0.5465857032756021,-4.575943244156178,0.0,1754048151.7591748,map,base_link,0.04984450340270996,86.61199474334717
1754048151.8238454,2.6931250625262035,-3.166657092708199,0.0,0.0,-0.0,-0.5502083585734466,-0.8350274020389472,-0.002393835702567873,0.0,0.0,0.0,0.0,-0.015958904683664885,415.7,66.76261682242976,1754048151.7967486,0.5495682591901616,-4.57358322542895,0.0,1754048151.7967486,map,base_link,0.05443167686462402,86.66642642021179
1754048151.8691297,2.6931250625262035,-3.166657092708199,0.0,0.0,-0.0,-0.5502083585734466,-0.8350274020389472,-2.933001064242546e-14,0.0,0.0,0.0,0.0,-7.459588502456427e-14,415.7,66.76261682242976,1754048151.859223,0.5713840630865059,-4.551967511467687,0.0,1754048151.859223,map,base_link,0.045284271240234375,86.71171069145203
1754048151.919316,2.6931250625262035,-3.166657092708199,0.0,0.0,-0.0,-0.5502083585734466,-0.8350274020389472,-2.933001064242546e-14,0.0,0.0,0.0,0.0,-7.459588502456427e-14,415.7,66.76261682242976,1754048151.8967693,0.5713840630865059,-4.551967511467687,0.0,1754048151.8967693,map,base_link,0.0501863956451416,86.76189708709717
1754048151.9725409,2.6931250625262035,-3.166657092708199,0.0,0.0,-0.0,-0.5502083585734466,-0.8350274020389472,-2.933001064242546e-14,0.0,0.0,0.0,0.0,-7.459588502456427e-14,415.7,66.76261682242976,1754048151.9592443,0.5713840630865059,-4.551967511467687,0.0,1754048151.9345632,map,base_link,0.053224802017211914,86.81512188911438
1754048152.0195374,2.6931250625262035,-3.166657092708199,0.0,0.0,-0.0,-0.5502083585734466,-0.8350274020389472,-2.933001064242546e-14,0.0,0.0,0.0,0.0,-7.459588502456427e-14,415.7,66.76261682242976,1754048151.9967046,0.5713840630865059,-4.551967511467687,0.0,1754048151.9967046,map,base_link,0.0469965934753418,86.86211848258972
1754048152.0690334,2.6931250625262035,-3.166657092708199,0.0,0.0,-0.0,-0.5502083585734466,-0.8350274020389472,-2.933001064242546e-14,0.0,0.0,0.0,0.0,-7.459588502456427e-14,415.7,66.76261682242976,1754048152.0591764,0.5713840630865059,-4.551967511467687,0.0,1754048152.0591764,map,base_link,0.04949593544006348,86.91161441802979
1754048152.1190531,2.6931250625262035,-3.166657092708199,0.0,0.0,-0.0,-0.5502083585734466,-0.8350274020389472,-2.933001064242546e-14,0.0,0.0,0.0,0.0,-7.459588502456427e-14,415.7,66.76261682242976,1754048152.09685,0.5824142442641342,-4.551008898423656,0.0,1754048152.09685,map,base_link,0.05001974105834961,86.96163415908813
1754048152.1693578,2.6931250625262035,-3.166657092708199,0.0,0.0,-0.0,-0.5502083585734466,-0.8350274020389472,-2.933001064242546e-14,0.0,0.0,0.0,0.0,-7.459588502456427e-14,415.7,66.76261682242976,1754048152.1590872,0.5824142442641342,-4.551008898423656,0.0,1754048152.1590872,map,base_link,0.05030465126037598,87.01193881034851
1754048152.2194407,2.6931250625262035,-3.166657092708199,0.0,0.0,-0.0,-0.5502083585734466,-0.8350274020389472,-2.933001064242546e-14,0.0,0.0,0.0,0.0,-7.459588502456427e-14,415.7,66.76261682242976,1754048152.1967108,0.5824142442641342,-4.551008898423656,0.0,1754048152.1967108,map,base_link,0.05008292198181152,87.06202173233032
1754048152.2692955,2.6931250625262035,-3.166657092708199,0.0,0.0,-0.0,-0.5502083585734466,-0.8350274020389472,-2.933001064242546e-14,0.0,0.0,0.0,0.0,-7.459588502456427e-14,415.7,66.76261682242976,1754048152.2591605,0.5824142442641342,-4.551008898423656,0.0,1754048152.2591605,map,base_link,0.04985475540161133,87.11187648773193
1754048152.3271163,2.6931250625262035,-3.166657092708199,0.0,0.0,-0.0,-0.5502083585734466,-0.8350274020389472,-2.933001064242546e-14,0.0,0.0,0.0,0.0,-7.459588502456427e-14,415.7,66.76261682242976,1754048152.2966921,0.5824142442641342,-4.551008898423656,0.0,1754048152.2966921,map,base_link,0.057820796966552734,87.16969728469849
1754048152.36977,2.6931250625262035,-3.166657092708199,0.0,0.0,-0.0,-0.5502083585734466,-0.8350274020389472,-2.933001064242546e-14,0.0,0.0,0.0,0.0,-7.459588502456427e-14,415.7,66.76261682242976,1754048152.3592443,0.5824142442641342,-4.551008898423657,0.0,1754048152.3592443,map,base_link,0.042653799057006836,87.2123510837555
1754048152.4196749,2.6931250625262035,-3.166657092708199,0.0,0.0,-0.0,-0.5502083585734466,-0.8350274020389472,-2.933001064242546e-14,0.0,0.0,0.0,0.0,-7.459588502456427e-14,415.7,66.76261682242976,1754048152.3966548,0.5824142442641342,-4.551008898423656,0.0,1754048152.3966548,map,base_link,0.049904823303222656,87.26225590705872
1754048152.469265,2.6931250625262035,-3.166657092708199,0.0,0.0,-0.0,-0.5502083585734466,-0.8350274020389472,-2.933001064242546e-14,0.0,0.0,0.0,0.0,-7.459588502456427e-14,415.7,66.76261682242976,1754048152.459161,0.5824142442641342,-4.551008898423656,0.0,1754048152.446796,map,base_link,0.049590110778808594,87.31184601783752
1754048152.5214908,2.6931250625262035,-3.166657092708199,0.0,0.0,-0.0,-0.5502083585734466,-0.8350274020389472,-2.933001064242546e-14,0.0,0.0,0.0,0.0,-7.459588502456427e-14,415.7,66.76261682242976,1754048152.4966838,0.5824142442641342,-4.551008898423656,0.0,1754048152.4966838,map,base_link,0.05222582817077637,87.3640718460083
1754048152.5692341,2.6931250625262035,-3.166657092708199,0.0,0.0,-0.0,-0.5502083585734466,-0.8350274020389472,-2.933001064242546e-14,0.0,0.0,0.0,0.0,-7.459588502456427e-14,415.7,66.76261682242976,1754048152.5591943,0.5824142442641342,-4.551008898423657,0.0,1754048152.5591943,map,base_link,0.04774332046508789,87.41181516647339
1754048152.6193898,2.6931250625262035,-3.166657092708199,0.0,0.0,-0.0,-0.5502083585734466,-0.8350274020389472,-2.933001064242546e-14,0.0,0.0,0.0,0.0,-7.459588502456427e-14,415.7,66.76261682242976,1754048152.5980132,0.5824142442641342,-4.551008898423656,0.0,1754048152.5980132,map,base_link,0.0501556396484375,87.46197080612183
1754048152.6689775,2.6931250625262035,-3.166657092708199,0.0,0.0,-0.0,-0.5502083585734466,-0.8350274020389472,-2.933001064242546e-14,0.0,0.0,0.0,0.0,-7.459588502456427e-14,415.7,66.76261682242976,1754048152.6592078,0.5824142442641342,-4.551008898423656,0.0,1754048152.6592078,map,base_link,0.04958772659301758,87.51155853271484
1754048152.719097,2.6931250625262035,-3.166657092708199,0.0,0.0,-0.0,-0.5502083585734466,-0.8350274020389472,-2.933001064242546e-14,0.0,0.0,0.0,0.0,-7.459588502456427e-14,415.7,66.76261682242976,1754048152.6968007,0.5824142442641342,-4.551008898423656,0.0,1754048152.6968007,map,base_link,0.05011940002441406,87.56167793273926
1754048152.7689812,2.6931250625262035,-3.166657092708199,0.0,0.0,-0.0,-0.5502083585734466,-0.8350274020389472,-2.933001064242546e-14,0.0,0.0,0.0,0.0,-7.459588502456427e-14,415.7,66.76261682242976,1754048152.7591746,0.5824142442641342,-4.551008898423656,0.0,1754048152.7591746,map,base_link,0.04988431930541992,87.61156225204468
1754048152.819801,2.6931250625262035,-3.166657092708199,0.0,0.0,-0.0,-0.5502083585734466,-0.8350274020389472,-2.933001064242546e-14,0.0,0.0,0.0,0.0,-7.459588502456427e-14,415.7,66.76261682242976,1754048152.7967224,0.5824142442641342,-4.551008898423656,0.0,1754048152.7967224,map,base_link,0.05081987380981445,87.66238212585449
1754048152.868993,2.6931250625262035,-3.166657092708199,0.0,0.0,-0.0,-0.5502083585734466,-0.8350274020389472,-2.933001064242546e-14,0.0,0.0,0.0,0.0,-7.459588502456427e-14,415.7,66.76261682242976,1754048152.859351,0.5824142442641342,-4.551008898423656,0.0,1754048152.859351,map,base_link,0.049191951751708984,87.7115740776062
1754048152.9195166,2.6931250625262035,-3.166657092708199,0.0,0.0,-0.0,-0.5502083585734466,-0.8350274020389472,-2.933001064242546e-14,0.0,0.0,0.0,0.0,-7.459588502456427e-14,415.7,66.76261682242976,1754048152.8967679,0.5824142442641342,-4.551008898423656,0.0,1754048152.8967679,map,base_link,0.05052351951599121,87.76209759712219
1754048152.9689636,2.6931250625262035,-3.166657092708199,0.0,0.0,-0.0,-0.5502083585734466,-0.8350274020389472,-2.933001064242546e-14,0.0,0.0,0.0,0.0,-7.459588502456427e-14,415.7,66.76261682242976,1754048152.9592667,0.5824142442641342,-4.551008898423656,0.0,1754048152.9592667,map,base_link,0.049447059631347656,87.81154465675354
1754048153.0192423,2.6931250625262035,-3.166657092708199,0.0,0.0,-0.0,-0.5502083585734466,-0.8350274020389472,-2.933001064242546e-14,0.0,0.0,0.0,0.0,-7.459588502456427e-14,415.7,66.76261682242976,1754048152.9967086,0.5824142442641342,-4.551008898423657,0.0,1754048152.9967086,map,base_link,0.050278663635253906,87.8618233203888
1754048153.0780878,2.6931250625262035,-3.166657092708199,0.0,0.0,-0.0,-0.5502083585734466,-0.8350274020389472,-2.933001064242546e-14,0.0,0.0,0.0,0.0,-7.459588502456427e-14,415.7,66.76261682242976,1754048153.0592,0.5824142442641342,-4.551008898423656,0.0,1754048153.0592,map,base_link,0.05884552001953125,87.92066884040833
1754048153.1192296,2.6931250625262035,-3.166657092708199,0.0,0.0,-0.0,-0.5502083585734466,-0.8350274020389472,-2.933001064242546e-14,0.0,0.0,0.0,0.0,-7.459588502456427e-14,415.7,66.76261682242976,1754048153.0966945,0.5824142442641342,-4.551008898423656,0.0,1754048153.0966945,map,base_link,0.04114174842834473,87.96181058883667
1754048153.169284,2.6931250625262035,-3.166657092708199,0.0,0.0,-0.0,-0.5502083585734466,-0.8350274020389472,-2.933001064242546e-14,0.0,0.0,0.0,0.0,-7.459588502456427e-14,415.7,66.76261682242976,1754048153.1592,0.5824142442641342,-4.551008898423656,0.0,1754048153.1592,map,base_link,0.05005455017089844,88.01186513900757
1754048153.2192774,2.6931250625262035,-3.166657092708199,0.0,0.0,-0.0,-0.5502083585734466,-0.8350274020389472,-2.933001064242546e-14,0.0,0.0,0.0,0.0,-7.459588502456427e-14,415.7,66.76261682242976,1754048153.196722,0.5824142442641342,-4.551008898423656,0.0,1754048153.196722,map,base_link,0.049993276596069336,88.06185841560364
1754048153.2689867,2.6931250625262035,-3.166657092708199,0.0,0.0,-0.0,-0.5502083585734466,-0.8350274020389472,-2.933001064242546e-14,0.0,0.0,0.0,0.0,-7.459588502456427e-14,415.7,66.76261682242976,1754048153.2591639,0.5824142442641342,-4.551008898423656,0.0,1754048153.2591639,map,base_link,0.049709320068359375,88.111567735672
1754048153.327611,2.6931250625262035,-3.166657092708199,0.0,0.0,-0.0,-0.5502083585734466,-0.8350274020389472,-2.933001064242546e-14,0.0,0.0,0.0,0.0,-7.459588502456427e-14,415.7,66.76261682242976,1754048153.2967618,0.5824142442641342,-4.551008898423656,0.0,1754048153.2967618,map,base_link,0.058624267578125,88.17019200325012
1754048153.3689487,2.6931250625262035,-3.166657092708199,0.0,0.0,-0.0,-0.5502083585734466,-0.8350274020389472,-2.933001064242546e-14,0.0,0.0,0.0,0.0,-7.459588502456427e-14,415.7,66.76261682242976,1754048153.3591485,0.5824142442641342,-4.551008898423657,0.0,1754048153.3591485,map,base_link,0.04133772850036621,88.21152973175049
1754048153.4196408,2.6931250625262035,-3.166657092708199,0.0,0.0,-0.0,-0.5502083585734466,-0.8350274020389472,-2.933001064242546e-14,0.0,0.0,0.0,0.0,-7.459588502456427e-14,415.7,66.76261682242976,1754048153.396864,0.5824142442641342,-4.551008898423656,0.0,1754048153.396864,map,base_link,0.050692081451416016,88.2622218132019
1754048153.4689636,2.6931250625262035,-3.166657092708199,0.0,0.0,-0.0,-0.5502083585734466,-0.8350274020389472,-2.933001064242546e-14,0.0,0.0,0.0,0.0,-7.459588502456427e-14,415.7,66.76261682242976,1754048153.4591517,0.5824142442641342,-4.551008898423656,0.0,1754048153.4471226,map,base_link,0.04932284355163574,88.31154465675354
1754048153.5189195,2.6931250625262035,-3.166657092708199,0.0,0.0,-0.0,-0.5502083585734466,-0.8350274020389472,-2.933001064242546e-14,0.0,0.0,0.0,0.0,-7.459588502456427e-14,415.7,66.76261682242976,1754048153.497295,0.5824142442641342,-4.551008898423656,0.0,1754048153.497295,map,base_link,0.04995584487915039,88.36150050163269
1754048153.5779095,2.6931250625262035,-3.166657092708199,0.0,0.0,-0.0,-0.5502083585734466,-0.8350274020389472,-2.933001064242546e-14,0.0,0.0,0.0,0.0,-7.459588502456427e-14,415.7,66.76261682242976,1754048153.5591862,0.5824142442641342,-4.551008898423656,0.0,1754048153.5591862,map,base_link,0.0589900016784668,88.42049050331116
1754048153.6191773,2.6931250625262035,-3.166657092708199,0.0,0.0,-0.0,-0.5502083585734466,-0.8350274020389472,-2.933001064242546e-14,0.0,0.0,0.0,0.0,-7.459588502456427e-14,415.7,66.76261682242976,1754048153.5967522,0.5824142442641342,-4.551008898423656,0.0,1754048153.5967522,map,base_link,0.04126787185668945,88.46175837516785
1754048153.6690335,2.6931250625262035,-3.166657092708199,0.0,0.0,-0.0,-0.5502083585734466,-0.8350274020389472,-2.933001064242546e-14,0.0,0.0,0.0,0.0,-7.459588502456427e-14,415.7,66.76261682242976,1754048153.659175,0.5824142442641342,-4.551008898423656,0.0,1754048153.659175,map,base_link,0.04985618591308594,88.51161456108093
1754048153.7189221,2.6931250625262035,-3.166657092708199,0.0,0.0,-0.0,-0.5502083585734466,-0.8350274020389472,-2.933001064242546e-14,0.0,0.0,0.0,0.0,-7.459588502456427e-14,415.7,66.76261682242976,1754048153.6966696,0.5824142442641342,-4.551008898423656,0.0,1754048153.6966696,map,base_link,0.04988861083984375,88.56150317192078
1754048153.7693555,2.6931250625262035,-3.166657092708199,0.0,0.0,-0.0,-0.5502083585734466,-0.8350274020389472,-2.933001064242546e-14,0.0,0.0,0.0,0.0,-7.459588502456427e-14,415.7,66.76261682242976,1754048153.759068,0.5824142442641342,-4.551008898423656,0.0,1754048153.759068,map,base_link,0.05043339729309082,88.61193656921387
1754048153.8191447,2.6931250625262035,-3.166657092708199,0.0,0.0,-0.0,-0.5502083585734466,-0.8350274020389472,-2.933001064242546e-14,0.0,0.0,0.0,0.0,-7.459588502456427e-14,415.7,66.76261682242976,1754048153.7967534,0.5824142442641342,-4.551008898423656,0.0,1754048153.7967534,map,base_link,0.0497891902923584,88.66172575950623
1754048153.8690126,2.6931250625262035,-3.166657092708199,0.0,0.0,-0.0,-0.5502083585734466,-0.8350274020389472,-2.933001064242546e-14,0.0,0.0,0.0,0.0,-7.459588502456427e-14,415.7,66.76261682242976,1754048153.8591554,0.5824142442641342,-4.551008898423656,0.0,1754048153.8591554,map,base_link,0.049867868423461914,88.71159362792969
1754048153.9378355,2.6931250625262035,-3.166657092708199,0.0,0.0,-0.0,-0.5502083585734466,-0.8350274020389472,-2.933001064242546e-14,0.0,0.0,0.0,0.0,-7.459588502456427e-14,415.7,66.76261682242976,1754048153.8967576,0.5824142442641342,-4.551008898423656,0.0,1754048153.8967576,map,base_link,0.06882286071777344,88.78041648864746
1754048153.9689672,2.6931250625262035,-3.166657092708199,0.0,0.0,-0.0,-0.5502083585734466,-0.8350274020389472,-2.933001064242546e-14,0.0,0.0,0.0,0.0,-7.459588502456427e-14,415.7,66.76261682242976,1754048153.959205,0.5824142442641342,-4.551008898423656,0.0,1754048153.959205,map,base_link,0.031131744384765625,88.81154823303223
1754048154.0192482,2.6931250625262035,-3.166657092708199,0.0,0.0,-0.0,-0.5502083585734466,-0.8350274020389472,-2.933001064242546e-14,0.0,0.0,0.0,0.0,-7.459588502456427e-14,415.7,66.76261682242976,1754048153.9967818,0.5824142442641342,-4.551008898423657,0.0,1754048153.9967818,map,base_link,0.05028104782104492,88.86182928085327
1754048154.0773695,2.6931250625262035,-3.166657092708199,0.0,0.0,-0.0,-0.5502083585734466,-0.8350274020389472,-2.933001064242546e-14,0.0,0.0,0.0,0.0,-7.459588502456427e-14,415.7,66.76261682242976,1754048154.0590699,0.5824142442641342,-4.551008898423656,0.0,1754048154.0467794,map,base_link,0.0581212043762207,88.91995048522949
1754048154.1190555,2.6931250625262035,-3.166657092708199,0.0,0.0,-0.0,-0.5502083585734466,-0.8350274020389472,-2.933001064242546e-14,0.0,0.0,0.0,0.0,-7.459588502456427e-14,415.7,66.76261682242976,1754048154.0967753,0.5824142442641342,-4.551008898423656,0.0,1754048154.0967753,map,base_link,0.041686058044433594,88.96163654327393
1754048154.1692138,2.6931250625262035,-3.166657092708199,0.0,0.0,-0.0,-0.5502083585734466,-0.8350274020389472,-2.933001064242546e-14,0.0,0.0,0.0,0.0,-7.459588502456427e-14,415.7,66.76261682242976,1754048154.159394,0.5824142442641342,-4.551008898423657,0.0,1754048154.159394,map,base_link,0.05015826225280762,89.01179480552673
1754048154.2197053,2.6931250625262035,-3.166657092708199,0.0,0.0,-0.0,-0.5502083585734466,-0.8350274020389472,-2.933001064242546e-14,0.0,0.0,0.0,0.0,-7.459588502456427e-14,415.7,66.76261682242976,1754048154.196997,0.5824142442641342,-4.551008898423656,0.0,1754048154.196997,map,base_link,0.0504915714263916,89.06228637695312
1754048154.2692127,2.6931250625262035,-3.166657092708199,0.0,0.0,-0.0,-0.5502083585734466,-0.8350274020389472,-2.933001064242546e-14,0.0,0.0,0.0,0.0,-7.459588502456427e-14,415.7,66.76261682242976,1754048154.2591064,0.5824142442641342,-4.551008898423656,0.0,1754048154.2591064,map,base_link,0.04950737953186035,89.11179375648499
1754048154.3190787,2.6931250625262035,-3.166657092708199,0.0,0.0,-0.0,-0.5502083585734466,-0.8350274020389472,-2.933001064242546e-14,0.0,0.0,0.0,0.0,-7.459588502456427e-14,415.7,66.76261682242976,1754048154.2966208,0.5824142442641342,-4.551008898423656,0.0,1754048154.2966208,map,base_link,0.0498659610748291,89.16165971755981
1754048154.3693388,2.6931250625262035,-3.166657092708199,0.0,0.0,-0.0,-0.5502083585734466,-0.8350274020389472,-2.933001064242546e-14,0.0,0.0,0.0,0.0,-7.459588502456427e-14,415.7,66.76261682242976,1754048154.3590436,0.5824142442641342,-4.551008898423657,0.0,1754048154.3590436,map,base_link,0.050260066986083984,89.2119197845459
1754048154.4234924,2.6931250625262035,-3.166657092708199,0.0,0.0,-0.0,-0.5502083585734466,-0.8350274020389472,-2.933001064242546e-14,0.0,0.0,0.0,0.0,-7.459588502456427e-14,415.7,66.76261682242976,1754048154.3965518,0.5824142442641342,-4.551008898423656,0.0,1754048154.3965518,map,base_link,0.0541536808013916,89.26607346534729
1754048154.469408,2.6931250625262035,-3.166657092708199,0.0,0.0,-0.0,-0.5502083585734466,-0.8350274020389472,-2.933001064242546e-14,0.0,0.0,0.0,0.0,-7.459588502456427e-14,415.7,66.76261682242976,1754048154.4590766,0.5824142442641342,-4.551008898423656,0.0,1754048154.4590766,map,base_link,0.04591560363769531,89.31198906898499
1754048154.5191698,2.6931250625262035,-3.166657092708199,0.0,0.0,-0.0,-0.5502083585734466,-0.8350274020389472,-2.933001064242546e-14,0.0,0.0,0.0,0.0,-7.459588502456427e-14,415.7,66.76261682242976,1754048154.49674,0.5824142442641342,-4.551008898423656,0.0,1754048154.49674,map,base_link,0.04976177215576172,89.36175084114075
1754048154.5784025,2.6931250625262035,-3.166657092708199,0.0,0.0,-0.0,-0.5502083585734466,-0.8350274020389472,-2.933001064242546e-14,0.0,0.0,0.0,0.0,-7.459588502456427e-14,415.7,66.76261682242976,1754048154.5592504,0.5824142442641342,-4.551008898423656,0.0,1754048154.54705,map,base_link,0.05923271179199219,89.42098355293274
1754048154.6192038,2.6931250625262035,-3.166657092708199,0.0,0.0,-0.0,-0.5502083585734466,-0.8350274020389472,-2.933001064242546e-14,0.0,0.0,0.0,0.0,-7.459588502456427e-14,415.7,66.76261682242976,1754048154.5966573,0.5824142442641342,-4.551008898423656,0.0,1754048154.5966573,map,base_link,0.040801286697387695,89.46178483963013
1754048154.6689847,2.6931250625262035,-3.166657092708199,0.0,0.0,-0.0,-0.5502083585734466,-0.8350274020389472,-2.933001064242546e-14,0.0,0.0,0.0,0.0,-7.459588502456427e-14,415.7,66.76261682242976,1754048154.6592681,0.5824142442641342,-4.551008898423656,0.0,1754048154.6592681,map,base_link,0.049780845642089844,89.51156568527222
1754048154.718883,2.6931250625262035,-3.166657092708199,0.0,0.0,-0.0,-0.5502083585734466,-0.8350274020389472,-2.933001064242546e-14,0.0,0.0,0.0,0.0,-7.459588502456427e-14,415.7,66.76261682242976,1754048154.6967602,0.5824142442641342,-4.551008898423656,0.0,1754048154.6967602,map,base_link,0.049898386001586914,89.5614640712738
1754048154.7690291,2.6931250625262035,-3.166657092708199,0.0,0.0,-0.0,-0.5502083585734466,-0.8350274020389472,-2.933001064242546e-14,0.0,0.0,0.0,0.0,-7.459588502456427e-14,415.7,66.76261682242976,1754048154.7591798,0.5824142442641342,-4.551008898423656,0.0,1754048154.7591798,map,base_link,0.05014610290527344,89.61161017417908
1754048154.8242612,2.6931250625262035,-3.166657092708199,0.0,0.0,-0.0,-0.5502083585734466,-0.8350274020389472,-2.933001064242546e-14,0.0,0.0,0.0,0.0,-7.459588502456427e-14,415.7,66.76261682242976,1754048154.7967188,0.5824142442641342,-4.551008898423656,0.0,1754048154.7967188,map,base_link,0.05523204803466797,89.66684222221375
1754048154.8690171,2.6931250625262035,-3.166657092708199,0.0,0.0,-0.0,-0.5502083585734466,-0.8350274020389472,-2.933001064242546e-14,0.0,0.0,0.0,0.0,-7.459588502456427e-14,415.7,66.76261682242976,1754048154.8591416,0.5824142442641342,-4.551008898423656,0.0,1754048154.8591416,map,base_link,0.04475593566894531,89.71159815788269
1754048154.9262393,2.6931250625262035,-3.166657092708199,0.0,0.0,-0.0,-0.5502083585734466,-0.8350274020389472,-2.933001064242546e-14,0.0,0.0,0.0,0.0,-7.459588502456427e-14,415.7,66.76261682242976,1754048154.8967183,0.5824142442641342,-4.551008898423656,0.0,1754048154.8967183,map,base_link,0.05722212791442871,89.76882028579712
1754048154.9689536,2.6931250625262035,-3.166657092708199,0.0,0.0,-0.0,-0.5502083585734466,-0.8350274020389472,-2.933001064242546e-14,0.0,0.0,0.0,0.0,-7.459588502456427e-14,415.7,66.76261682242976,1754048154.9592042,0.5824142442641342,-4.551008898423656,0.0,1754048154.9592042,map,base_link,0.04271435737609863,89.81153464317322
1754048155.019221,2.6931250625262035,-3.166657092708199,0.0,0.0,-0.0,-0.5502083585734466,-0.8350274020389472,-2.933001064242546e-14,0.0,0.0,0.0,0.0,-7.459588502456427e-14,415.7,66.76261682242976,1754048154.9967256,0.5824142442641342,-4.551008898423656,0.0,1754048154.9967256,map,base_link,0.05026745796203613,89.86180210113525
1754048155.0777938,2.6931250625262035,-3.166657092708199,0.0,0.0,-0.0,-0.5502083585734466,-0.8350274020389472,-2.933001064242546e-14,0.0,0.0,0.0,0.0,-7.459588502456427e-14,415.7,66.76261682242976,1754048155.059148,0.5824142442641342,-4.551008898423656,0.0,1754048155.059148,map,base_link,0.05857276916503906,89.9203748703003
1754048155.1189811,2.6931250625262035,-3.166657092708199,0.0,0.0,-0.0,-0.5502083585734466,-0.8350274020389472,-2.933001064242546e-14,0.0,0.0,0.0,0.0,-7.459588502456427e-14,415.7,66.76261682242976,1754048155.0966892,0.5824142442641342,-4.551008898423656,0.0,1754048155.0966892,map,base_link,0.041187286376953125,89.96156215667725
1754048155.169076,2.6931250625262035,-3.166657092708199,0.0,0.0,-0.0,-0.5502083585734466,-0.8350274020389472,-2.933001064242546e-14,0.0,0.0,0.0,0.0,-7.459588502456427e-14,415.7,66.76261682242976,1754048155.1591043,0.5824142442641342,-4.551008898423657,0.0,1754048155.1591043,map,base_link,0.0500948429107666,90.01165699958801
1754048155.2190058,2.6931250625262035,-3.166657092708199,0.0,0.0,-0.0,-0.5502083585734466,-0.8350274020389472,-2.933001064242546e-14,0.0,0.0,0.0,0.0,-7.459588502456427e-14,415.7,66.76261682242976,1754048155.1967642,0.5824142442641342,-4.551008898423656,0.0,1754048155.1967642,map,base_link,0.04992985725402832,90.06158685684204
1754048155.2693574,2.6931250625262035,-3.166657092708199,0.0,0.0,-0.0,-0.5502083585734466,-0.8350274020389472,-2.933001064242546e-14,0.0,0.0,0.0,0.0,-7.459588502456427e-14,415.7,66.76261682242976,1754048155.2590582,0.5824142442641342,-4.551008898423656,0.0,1754048155.2590582,map,base_link,0.050351619720458984,90.1119384765625
1754048155.330798,2.6931250625262035,-3.166657092708199,0.0,0.0,-0.0,-0.5502083585734466,-0.8350274020389472,-2.933001064242546e-14,0.0,0.0,0.0,0.0,-7.459588502456427e-14,415.7,66.76261682242976,1754048155.2967331,0.5824142442641342,-4.551008898423656,0.0,1754048155.2967331,map,base_link,0.061440467834472656,90.17337894439697
1754048155.3694284,2.6931250625262035,-3.166657092708199,0.0,0.0,-0.0,-0.5502083585734466,-0.8350274020389472,-2.933001064242546e-14,0.0,0.0,0.0,0.0,-7.459588502456427e-14,415.7,66.76261682242976,1754048155.3593736,0.5824142442641342,-4.551008898423656,0.0,1754048155.3593736,map,base_link,0.03863048553466797,90.21200942993164
1754048155.4194329,2.6931250625262035,-3.166657092708199,0.0,0.0,-0.0,-0.5502083585734466,-0.8350274020389472,-2.933001064242546e-14,0.0,0.0,0.0,0.0,-7.459588502456427e-14,415.7,66.76261682242976,1754048155.3967588,0.5824142442641342,-4.551008898423656,0.0,1754048155.3967588,map,base_link,0.05000448226928711,90.26201391220093
1754048155.4693177,2.6931250625262035,-3.166657092708199,0.0,0.0,-0.0,-0.5502083585734466,-0.8350274020389472,-2.933001064242546e-14,0.0,0.0,0.0,0.0,-7.459588502456427e-14,415.7,66.76261682242976,1754048155.4592655,0.5824142442641342,-4.551008898423656,0.0,1754048155.4592655,map,base_link,0.049884796142578125,90.3118987083435
1754048155.5190475,2.6931250625262035,-3.166657092708199,0.0,0.0,-0.0,-0.5502083585734466,-0.8350274020389472,-2.933001064242546e-14,0.0,0.0,0.0,0.0,-7.459588502456427e-14,415.7,66.76261682242976,1754048155.4967103,0.5824142442641342,-4.551008898423656,0.0,1754048155.4967103,map,base_link,0.04972982406616211,90.36162853240967
1754048155.576073,2.6931250625262035,-3.166657092708199,0.0,0.0,-0.0,-0.5502083585734466,-0.8350274020389472,-2.933001064242546e-14,0.0,0.0,0.0,0.0,-7.459588502456427e-14,415.7,66.76261682242976,1754048155.5591178,0.5824142442641342,-4.551008898423656,0.0,1754048155.5591178,map,base_link,0.05702543258666992,90.41865396499634
1754048155.6192436,2.6931250625262035,-3.166657092708199,0.0,0.0,-0.0,-0.5502083585734466,-0.8350274020389472,-2.933001064242546e-14,0.0,0.0,0.0,0.0,-7.459588502456427e-14,415.7,66.76261682242976,1754048155.5965948,0.5824142442641342,-4.551008898423656,0.0,1754048155.5965948,map,base_link,0.04317069053649902,90.46182465553284
1754048155.6690204,2.6931250625262035,-3.166657092708199,0.0,0.0,-0.0,-0.5502083585734466,-0.8350274020389472,-2.933001064242546e-14,0.0,0.0,0.0,0.0,-7.459588502456427e-14,415.7,66.76261682242976,1754048155.6591048,0.5824142442641342,-4.551008898423657,0.0,1754048155.6591048,map,base_link,0.04977679252624512,90.51160144805908
1754048155.7191582,2.6931250625262035,-3.166657092708199,0.0,0.0,-0.0,-0.5502083585734466,-0.8350274020389472,-2.933001064242546e-14,0.0,0.0,0.0,0.0,-7.459588502456427e-14,415.7,66.76261682242976,1754048155.6967878,0.5824142442641342,-4.551008898423656,0.0,1754048155.6967878,map,base_link,0.05013775825500488,90.56173920631409
1754048155.769068,2.6931250625262035,-3.166657092708199,0.0,0.0,-0.0,-0.5502083585734466,-0.8350274020389472,-2.933001064242546e-14,0.0,0.0,0.0,0.0,-7.459588502456427e-14,415.7,66.76261682242976,1754048155.7592075,0.5824142442641342,-4.551008898423656,0.0,1754048155.7592075,map,base_link,0.04990983009338379,90.61164903640747
1754048155.8227994,2.6931250625262035,-3.166657092708199,0.0,0.0,-0.0,-0.5502083585734466,-0.8350274020389472,-2.933001064242546e-14,0.0,0.0,0.0,0.0,-7.459588502456427e-14,415.7,66.76261682242976,1754048155.796776,0.5824142442641342,-4.551008898423656,0.0,1754048155.796776,map,base_link,0.053731441497802734,90.66538047790527
1754048155.8691995,2.6931250625262035,-3.166657092708199,0.0,0.0,-0.0,-0.5502083585734466,-0.8350274020389472,-2.933001064242546e-14,0.0,0.0,0.0,0.0,-7.459588502456427e-14,415.7,66.76261682242976,1754048155.8591638,0.5824142442641342,-4.551008898423656,0.0,1754048155.8591638,map,base_link,0.04640007019042969,90.7117805480957
1754048155.9238331,2.6931250625262035,-3.166657092708199,0.0,0.0,-0.0,-0.5502083585734466,-0.8350274020389472,-2.933001064242546e-14,0.0,0.0,0.0,0.0,-7.459588502456427e-14,415.7,66.76261682242976,1754048155.8967512,0.5824142442641342,-4.551008898423656,0.0,1754048155.8967512,map,base_link,0.05463361740112305,90.76641416549683
1754048155.9693084,2.6931250625262035,-3.166657092708199,0.0,0.0,-0.0,-0.5502083585734466,-0.8350274020389472,-2.933001064242546e-14,0.0,0.0,0.0,0.0,-7.459588502456427e-14,415.7,66.76261682242976,1754048155.9591587,0.5824142442641342,-4.551008898423657,0.0,1754048155.9591587,map,base_link,0.04547524452209473,90.81188941001892
1754048156.0195255,2.6931250625262035,-3.166657092708199,0.0,0.0,-0.0,-0.5502083585734466,-0.8350274020389472,-2.933001064242546e-14,0.0,0.0,0.0,0.0,-7.459588502456427e-14,415.7,66.76261682242976,1754048155.9967995,0.5824142442641342,-4.551008898423656,0.0,1754048155.9967995,map,base_link,0.0502171516418457,90.86210656166077
1754048156.0688744,2.6931250625262035,-3.166657092708199,0.0,0.0,-0.0,-0.5502083585734466,-0.8350274020389472,-2.933001064242546e-14,0.0,0.0,0.0,0.0,-7.459588502456427e-14,415.7,66.76261682242976,1754048156.0591466,0.5824142442641342,-4.551008898423656,0.0,1754048156.0591466,map,base_link,0.04934883117675781,90.91145539283752
1754048156.118995,2.6931250625262035,-3.166657092708199,0.0,0.0,-0.0,-0.5502083585734466,-0.8350274020389472,-2.933001064242546e-14,0.0,0.0,0.0,0.0,-7.459588502456427e-14,415.7,66.76261682242976,1754048156.09672,0.5824142442641342,-4.551008898423657,0.0,1754048156.09672,map,base_link,0.05012059211730957,90.96157598495483
1754048156.1819785,2.6931250625262035,-3.166657092708199,0.0,0.0,-0.0,-0.5502083585734466,-0.8350274020389472,-2.933001064242546e-14,0.0,0.0,0.0,0.0,-7.459588502456427e-14,415.7,66.76261682242976,1754048156.1591754,0.5824142442641342,-4.551008898423656,0.0,1754048156.1591754,map,base_link,0.06298351287841797,91.02455949783325
1754048156.2196054,2.6931250625262035,-3.166657092708199,0.0,0.0,-0.0,-0.5502083585734466,-0.8350274020389472,-2.933001064242546e-14,0.0,0.0,0.0,0.0,-7.459588502456427e-14,415.7,66.76261682242976,1754048156.1967988,0.5824142442641342,-4.551008898423657,0.0,1754048156.1967988,map,base_link,0.03762698173522949,91.06218647956848
1754048156.2693536,2.6931250625262035,-3.166657092708199,0.0,0.0,-0.0,-0.5502083585734466,-0.8350274020389472,-2.933001064242546e-14,0.0,0.0,0.0,0.0,-7.459588502456427e-14,415.7,66.76261682242976,1754048156.2591803,0.5824142442641342,-4.551008898423656,0.0,1754048156.2591803,map,base_link,0.04974818229675293,91.11193466186523
1754048156.3190048,2.6931250625262035,-3.166657092708199,0.0,0.0,-0.0,-0.5502083585734466,-0.8350274020389472,-2.933001064242546e-14,0.0,0.0,0.0,0.0,-7.459588502456427e-14,415.7,66.76261682242976,1754048156.298309,0.5824142442641342,-4.551008898423657,0.0,1754048156.298309,map,base_link,0.049651145935058594,91.1615858078003
1754048156.369297,2.6931250625262035,-3.166657092708199,0.0,0.0,-0.0,-0.5502083585734466,-0.8350274020389472,-2.933001064242546e-14,0.0,0.0,0.0,0.0,-7.459588502456427e-14,415.7,66.76261682242976,1754048156.3592534,0.5824142442641342,-4.551008898423656,0.0,1754048156.3592534,map,base_link,0.050292253494262695,91.21187806129456
1754048156.4344487,2.6931250625262035,-3.166657092708199,0.0,0.0,-0.0,-0.5502083585734466,-0.8350274020389472,-2.933001064242546e-14,0.0,0.0,0.0,0.0,-7.459588502456427e-14,415.7,66.76261682242976,1754048156.3967144,0.5824142442641342,-4.551008898423656,0.0,1754048156.3967144,map,base_link,0.06515169143676758,91.27702975273132
1754048156.4690986,2.6931250625262035,-3.166657092708199,0.0,0.0,-0.0,-0.5502083585734466,-0.8350274020389472,-2.933001064242546e-14,0.0,0.0,0.0,0.0,-7.459588502456427e-14,415.7,66.76261682242976,1754048156.4595425,0.5824142442641342,-4.551008898423656,0.0,1754048156.4595425,map,base_link,0.03464984893798828,91.31167960166931
1754048156.519085,2.6931250625262035,-3.166657092708199,0.0,0.0,-0.0,-0.5502083585734466,-0.8350274020389472,-2.933001064242546e-14,0.0,0.0,0.0,0.0,-7.459588502456427e-14,415.7,66.76261682242976,1754048156.4966826,0.5824142442641342,-4.551008898423656,0.0,1754048156.4966826,map,base_link,0.04998636245727539,91.36166596412659
1754048156.5735986,2.6931250625262035,-3.166657092708199,0.0,0.0,-0.0,-0.5502083585734466,-0.8350274020389472,-2.933001064242546e-14,0.0,0.0,0.0,0.0,-7.459588502456427e-14,415.7,66.76261682242976,1754048156.5593228,0.5824142442641342,-4.551008898423656,0.0,1754048156.5593228,map,base_link,0.05451369285583496,91.41617965698242
1754048156.6192827,2.6931250625262035,-3.166657092708199,0.0,0.0,-0.0,-0.5502083585734466,-0.8350274020389472,-2.933001064242546e-14,0.0,0.0,0.0,0.0,-7.459588502456427e-14,415.7,66.76261682242976,1754048156.5967317,0.5824142442641342,-4.551008898423656,0.0,1754048156.5967317,map,base_link,0.045684099197387695,91.46186375617981
1754048156.6693509,2.6933811878426916,-3.1660641077827663,0.0,0.0,-0.0,-0.5484091733605262,-0.8362101282417144,0.00519007330230332,0.0,0.0,0.0,0.0,-0.03460048868229227,415.67,66.51588785046683,1754048156.6592436,0.5828438806602447,-4.551491230121427,0.0,1754048156.6592436,map,base_link,0.05006814002990723,91.51193189620972
1754048156.719135,2.6935102074803416,-3.1657680302948092,0.0,0.0,-0.0,-0.547508626841732,-0.8368000379624042,0.007738274482417665,0.0,0.0,0.0,0.0,-0.05158849654972123,415.66,66.3925233644857,1754048156.6966982,0.5830579189760865,-4.551733088644382,0.0,1754048156.6966982,map,base_link,0.049784183502197266,91.56171607971191
1754048156.769463,2.693769521135159,-3.1651764322796634,0.0,0.0,-0.0,-0.547508626841732,-0.8368000379624042,0.010280692677473901,0.0,0.0,0.0,0.0,-0.03452802788763017,415.63,66.3925233644857,1754048156.759367,0.5834849531171793,-4.552217726267189,0.0,1754048156.759367,map,base_link,0.05032801628112793,91.61204409599304
1754048156.8189204,2.693898540772809,-3.164880354791706,0.0,0.0,-0.0,-0.5484091733605273,-0.8362101282417136,0.00772143845566946,0.0,0.0,0.0,0.0,0.017086869336159674,415.61,66.51588785046698,1754048156.796687,0.5836989914330211,-4.552459584790144,0.0,1754048156.796687,map,base_link,0.04945731163024902,91.66150140762329
1754048156.869235,2.694283686322114,-3.1639912910044425,0.0,0.0,-0.0,-0.5493090842854239,-0.8356192493722898,0.012888560966740093,0.0,0.0,0.0,0.0,0.05163228914198461,415.57,66.63925233644828,1754048156.859089,0.584342667139647,-4.553183776129965,0.0,1754048156.859089,map,base_link,0.05031466484069824,91.71181607246399
1754048156.9261405,2.6945385342802974,-3.163397755986314,0.0,0.0,-0.0,-0.5511069951823513,-0.8344345869276272,0.015497210615851595,0.0,0.0,0.0,0.0,0.06902328680272797,415.54,66.88598130841069,1754048156.8967023,0.5847733410553939,-4.553665181653231,0.0,1754048156.8967023,map,base_link,0.056905508041381836,91.76872158050537
1754048156.9696438,2.695042473535812,-3.162208230489127,0.0,0.0,-0.0,-0.5529023511975678,-0.8332460561204004,0.01812791374319157,0.0,0.0,0.0,0.0,0.08782785480366971,415.49,67.13271028037357,1754048156.9591594,0.5856393432363625,-4.554623808746664,0.0,1754048156.9591594,map,base_link,0.0435032844543457,91.81222486495972
1754048157.02154,2.695167657577903,-3.1619105109879513,0.0,0.0,-0.0,-0.5537990685230977,-0.8326503418019772,0.015557063512147007,0.0,0.0,0.0,0.0,0.07068885326337261,415.47,67.25607476635487,1754048156.9966888,0.5858564881022206,-4.554862882068065,0.0,1754048156.9966888,map,base_link,0.051896095275878906,91.8641209602356
1754048157.069217,2.6957871611827806,-3.160419233316863,0.0,0.0,-0.0,-0.5564853653023119,-0.8308574114758516,0.020701258331653614,0.0,0.0,0.0,0.0,0.06783794005644218,415.4,67.62616822429892,1754048157.059359,0.5869473488645847,-4.556053561120489,0.0,1754048157.059359,map,base_link,0.047677040100097656,91.9117980003357
1754048157.1193213,2.6961556504065096,-3.159523137784027,0.0,0.0,-0.0,-0.5573795090369709,-0.8302578412190428,0.0233002264624672,0.0,0.0,0.0,0.0,0.08346737463368442,415.35,67.7495327102802,1754048157.0966992,0.5876044253820805,-4.556765615867069,0.0,1754048157.0966992,map,base_link,0.050104379653930664,91.96190237998962
1754048157.1796741,2.6968829695031986,-3.157727009980192,0.0,0.0,-0.0,-0.5609496137207575,-0.8278499446557528,0.02842401516050728,0.0,0.0,0.0,0.0,0.12042005925741436,415.26,68.2429906542052,1754048157.1592486,0.5887049914034446,-4.557947329842188,0.0,1754048157.146789,map,base_link,0.06035280227661133,92.02225518226624
1754048157.2194014,2.6974799277047365,-3.1562265640671026,0.0,0.0,-0.0,-0.5618405171559044,-0.827245570119288,0.030982916853876587,0.0,0.0,0.0,0.0,0.10336783603534772,415.19,68.36635514018668,1754048157.1967583,0.5900349044403503,-4.559356731491858,0.0,1754048157.1967583,map,base_link,0.039727210998535156,92.06198239326477
1754048157.26923,2.698773825031672,-3.152917939280274,0.0,0.0,-0.0,-0.5662852462994681,-0.8242093300997937,0.0466017230021949,0.0,0.0,0.0,0.0,0.13799341066303958,415.02,68.98317757009332,1754048157.2593029,0.5924891235405685,-4.5619253842283705,0.0,1754048157.2593029,map,base_link,0.049828529357910156,92.11181092262268
1754048157.3189588,2.6998049205352044,-3.1502002677987795,0.0,0.0,-0.0,-0.5689442162838716,-0.8223761175746358,0.05958061437795179,0.0,0.0,0.0,0.0,0.15549188464848213,414.88,69.35327102803734,1754048157.2967184,0.5945183642573166,-4.564006508523607,0.0,1754048157.2967184,map,base_link,0.0497288703918457,92.16153979301453
1754048157.3694277,2.701613977063127,-3.1453598008555925,0.0,0.0,-0.0,-0.5707135676844299,-0.8211492091337053,0.07497564391176484,0.0,0.0,0.0,0.0,0.12059029074293044,414.63,69.59999999999975,1754048157.3591418,0.5981442331935178,-4.567688339617886,0.0,1754048157.3591418,map,base_link,0.05046892166137695,92.2120087146759
1754048157.4276652,2.702737795541138,-3.1423319591628283,0.0,0.0,-0.0,-0.570713567684431,-0.8211492091337045,0.08263034879465747,0.0,0.0,0.0,0.0,0.0693745154822648,414.48,69.59999999999991,1754048157.3967493,0.6004155989125306,-4.56998435596331,0.0,1754048157.3967493,map,base_link,0.058237552642822266,92.27024626731873
1754048157.4693809,2.7054455179498493,-3.135069067631483,0.0,0.0,-0.0,-0.5707135676844296,-0.8211492091337055,0.10652794540361366,0.0,0.0,0.0,0.0,0.017901055476188622,414.1,69.59999999999971,1754048157.4591768,0.6058588615744829,-4.575502711300883,0.0,1754048157.4591768,map,base_link,0.04171562194824219,92.31196188926697
1754048157.519065,2.7072467568603904,-3.1302256821604066,0.0,0.0,-0.0,-0.5707135676844296,-0.8211492091337055,0.11940546028059548,0.0,0.0,0.0,0.0,0.0008163111898087534,413.85,69.59999999999971,1754048157.4968495,0.6094906739696051,-4.579178685071316,0.0,1754048157.4968495,map,base_link,0.04968404769897461,92.36164593696594
1754048157.5692084,2.7105209495257805,-3.1214505702697752,0.0,0.0,-0.0,-0.5698292221937756,-0.821763139556671,0.14258933658943623,0.0,0.0,0.0,0.0,-0.017432678909736682,413.41,69.47663551401828,1754048157.5592132,0.6160661539629659,-4.585848466863857,0.0,1754048157.5592132,map,base_link,0.05014348030090332,92.41178941726685
1754048157.6193657,2.712910149923415,-3.1151030096716763,0.0,0.0,-0.0,-0.5689442162838702,-0.8223761175746368,0.15520961240009612,0.0,0.0,0.0,0.0,-0.034632939808574556,413.08,69.35327102803714,1754048157.5967026,0.6208138247397557,-4.590691960053881,0.0,1754048157.5967026,map,base_link,0.05015730857849121,92.46194672584534
1754048157.6713893,2.716316783654689,-3.106032620532666,0.0,0.0,-0.0,-0.5689442162838713,-0.822376117574636,0.1710845273327078,0.0,0.0,0.0,0.0,-0.031086514992386172,412.62,69.3532710280373,1754048157.6515155,0.624205514577302,-4.594151111092925,0.0,1754048157.6225805,map,base_link,0.05202364921569824,92.51397037506104
1754048157.7196076,2.719757893531471,-3.09697525902533,0.0,0.0,-0.0,-0.5671722273098665,-0.82359921355497,0.19561736823107534,0.0,0.0,0.0,0.0,-0.04062921793361064,412.17,69.10654205607436,1754048157.6967506,0.6343621709736897,-4.604546535122905,0.0,1754048157.6967506,map,base_link,0.0482182502746582,92.5621886253357
1754048157.7700424,2.7245085263790165,-3.0846151371098105,0.0,0.0,-0.0,-0.5645093163718216,-0.8254266967632066,0.20651884563226314,0.0,0.0,0.0,0.0,-0.10689822013776351,411.56,68.7364485981305,1754048157.7591472,0.6330966556934259,-4.598327011722361,0.0,1754048157.7591472,map,base_link,0.05043482780456543,92.61262345314026
1754048157.8192346,2.727570665906544,-3.0767962225647767,0.0,0.0,-0.0,-0.5627307694305252,-0.8266402368238126,0.21637894795437757,0.0,0.0,0.0,0.0,-0.10510453347760056,411.17,68.48971962616793,1754048157.7967567,0.6294304278785186,-4.580054789427692,0.0,1754048157.7967567,map,base_link,0.049192190170288086,92.66181564331055
1754048157.8691301,2.7329355325055573,-3.063289133851721,0.0,0.0,-0.0,-0.5600580601576275,-0.8284533597327464,0.2260009967850148,0.0,0.0,0.0,0.0,-0.12099053930485568,410.52,68.11962616822427,1754048157.8592482,0.6386144910684823,-4.591318724017804,0.0,1754048157.8592482,map,base_link,0.049895524978637695,92.71171116828918
1754048157.9189415,2.736466266150075,-3.054614078997151,0.0,0.0,-0.0,-0.5573795090369686,-0.8302578412190443,0.2316932322473843,0.0,0.0,0.0,0.0,-0.12054280125443809,410.11,67.7495327102799,1754048157.8997023,0.6444715971662758,-4.598627415074178,0.0,1754048157.8997023,map,base_link,0.049811363220214844,92.7615225315094
1754048157.9813554,2.7411571442653893,-3.0432731910544124,0.0,0.0,-0.0,-0.5537990685230969,-0.8326503418019776,0.24550248467186134,0.0,0.0,0.0,0.0,-0.1575632619464255,409.58,67.25607476635476,1754048157.9475691,0.6480889990410952,-4.603178254440544,0.0,1754048157.9221423,map,base_link,0.062413930892944336,92.82393646240234
1754048158.0544348,2.746421921140999,-3.03077194678822,0.0,0.0,-0.0,-0.5520049930706475,-0.833840804725383,0.2585639631062753,0.0,0.0,0.0,0.0,-0.12312594259756686,409.0,67.00934579439233,1754048157.9967983,0.6604463009940669,-4.618934339316436,0.0,1754048157.9967983,map,base_link,0.07307934761047363,92.89701581001282
1754048158.0689797,2.7538359577775413,-3.0132184197244927,0.0,0.0,-0.0,-0.5546951440079606,-0.8320536624605337,0.2869877261166343,0.0,0.0,0.0,0.0,-0.014855549506541152,408.2,67.37943925233604,1754048158.0592375,0.6695716238110094,-4.6306579861784405,0.0,1754048158.0467353,map,base_link,0.014544963836669922,92.91156077384949
1754048158.119129,2.757830283374882,-3.0036866043265995,0.0,0.0,-0.0,-0.5511069951823532,-0.834434586927626,0.28786469674757487,0.0,0.0,0.0,0.0,-0.03196118720112684,407.77,66.88598130841096,1754048158.0974276,0.6785460704050168,-4.642089573117744,0.0,1754048158.0974276,map,base_link,0.05014920234680176,92.96170997619629
1754048158.1712103,2.7653677821548626,-2.986185700238119,0.0,0.0,-0.0,-0.5502083585734444,-0.8350274020389487,0.29986807545991373,0.0,0.0,0.0,0.0,-0.033159640414205216,407.0,66.76261682242945,1754048158.1592476,0.6901601435347793,-4.657196155693195,0.0,1754048158.1592476,map,base_link,0.05208134651184082,93.01379132270813
1754048158.2194538,2.769700200791437,-2.9760955971337877,0.0,0.0,-0.0,-0.550208358573447,-0.835027402038947,0.2946708128941087,0.0,0.0,0.0,0.0,-0.1020853642664897,406.55,66.7626168224298,1754048158.196733,0.6968626899905939,-4.665894195869362,0.0,1754048158.196733,map,base_link,0.04824352264404297,93.06203484535217
1754048158.2870896,2.7778041575107997,-2.957080668324095,0.0,0.0,-0.0,-0.5537990685230988,-0.8326503418019764,0.3091975064555653,0.0,0.0,0.0,0.0,0.08414354794906065,405.72,67.25607476635501,1754048158.2605898,0.7095232103887539,-4.6822328878425505,0.0,1754048158.2605898,map,base_link,0.06763577461242676,93.1296706199646
1754048158.327387,2.782156094280529,-2.9466481290176745,0.0,0.0,-0.0,-0.5546951440079614,-0.8320536624605332,0.31333482958602776,0.0,0.0,0.0,0.0,0.08583765990783401,405.25,67.37943925233614,1754048158.2967327,0.7145165665709534,-4.68857787431826,0.0,1754048158.2843258,map,base_link,0.040297508239746094,93.16996812820435
1754048158.369153,2.7888707808605164,-2.9309031478802114,0.0,0.0,-0.0,-0.5466074457727521,-0.8373889778506688,0.29670133037728663,0.0,0.0,0.0,0.0,-0.08516804385254606,404.57,66.26915887850457,1754048158.3596416,0.7194185165236511,-4.712710812586709,0.0,1754048158.3596416,map,base_link,0.04176592826843262,93.21173405647278
1754048158.4242098,2.793565160958691,-2.9202661428595564,0.0,0.0,-0.0,-0.5466074457727521,-0.8373889778506688,0.28507534104468657,0.0,0.0,0.0,0.0,-0.15491865441392577,404.13,66.26915887850457,1754048158.3977537,0.7267419938294459,-4.721741303186177,0.0,1754048158.3977537,map,base_link,0.05505681037902832,93.2667908668518
1754048158.470973,2.8010374521623387,-2.9030889500774846,0.0,0.0,-0.0,-0.5484091733605295,-0.8362101282417121,0.2974032298593696,0.0,0.0,0.0,0.0,-0.04988158288332458,403.41,66.5158878504673,1754048158.4591649,0.7386178048325802,-4.736227717536265,0.0,1754048158.4591649,map,base_link,0.04676318168640137,93.31355404853821
1754048158.5190017,2.804797494747499,-2.894510791199558,0.0,0.0,-0.0,-0.5457056311980314,-0.8379769472239426,0.29301651814879087,0.0,0.0,0.0,0.0,-0.0003878690112656763,403.05,66.14579439252292,1754048158.4972985,0.74453551937289,-4.74348742721342,0.0,1754048158.4972985,map,base_link,0.04802870750427246,93.36158275604248
1754048158.5785663,2.810902105633482,-2.8809665354129486,0.0,0.0,-0.0,-0.5402814987107265,-0.8414843445667253,0.2529016585171043,0.0,0.0,0.0,0.0,-0.15689564881749715,402.51,65.40560747663535,1754048158.5598152,0.753802581267276,-4.755099261811276,0.0,1754048158.5598152,map,base_link,0.05956459045410156,93.42114734649658
1754048158.624663,2.814551252163726,-2.8730466778553034,0.0,0.0,-0.0,-0.5393752789019315,-0.8420655013177203,0.24737225408907274,0.0,0.0,0.0,0.0,-0.16095000838998177,402.2,65.28224299065407,1754048158.5968113,0.757392571031601,-4.759671756617667,0.0,1754048158.5842288,map,base_link,0.0460968017578125,93.4672441482544
1754048158.6694052,2.820487694842293,-2.8601354881012004,0.0,0.0,-0.0,-0.5393752789019329,-0.8420655013177194,0.22951971072131894,0.0,0.0,0.0,0.0,-0.05203852336680772,401.69,65.28224299065427,1754048158.6591625,0.7334913246693908,-4.786533138890264,0.0,1754048158.6591625,map,base_link,0.04474210739135742,93.51198625564575
1754048158.7266881,2.8240046364443785,-2.8525103137369907,0.0,0.0,-0.0,-0.5393752789019329,-0.8420655013177194,0.2274183240955404,0.0,0.0,0.0,0.0,0.00029550544086510977,401.4,65.28224299065427,1754048158.6966043,0.7382468471356147,-4.793453916909412,0.0,1754048158.6966043,map,base_link,0.05728292465209961,93.56926918029785
1754048158.769076,2.829660870532275,-2.8401812359617566,0.0,0.0,-0.0,-0.5393752789019329,-0.8420655013177194,0.21248149029963,0.0,0.0,0.0,0.0,0.0030486726331265535,400.92,65.28224299065427,1754048158.7616804,0.7459514885913157,-4.804618039932916,0.0,1754048158.7616804,map,base_link,0.042387962341308594,93.61165714263916
1754048158.8195958,2.8330121043520844,-2.832835386351016,0.0,0.0,-0.0,-0.5420920587564371,-0.8403191059551173,0.21545125919237806,0.0,0.0,0.0,0.0,0.05614446528680661,400.64,65.65233644859835,1754048158.7989979,0.7505516586402972,-4.811253603973682,0.0,1754048158.7989979,map,base_link,0.050519704818725586,93.66217684745789
1754048158.8776946,2.8382727812078494,-2.8210363430514747,0.0,0.0,-0.0,-0.5457056311980341,-0.8379769472239408,0.21762850824644597,0.0,0.0,0.0,0.0,0.11500272776471068,400.18,66.14579439252329,1754048158.8591495,0.7427743945924816,-4.840344684370192,0.0,1754048158.8591495,map,base_link,0.058098793029785156,93.72027564048767
1754048158.919396,2.8417562880976197,-2.813042304407506,0.0,0.0,-0.0,-0.5502083585734474,-0.8350274020389468,0.2204875736383126,0.0,0.0,0.0,0.0,0.19377927536075756,399.86,66.76261682242988,1754048158.896687,0.7377601740704427,-4.8721356774813,0.0,1754048158.896687,map,base_link,0.041701316833496094,93.76197695732117
1754048158.969186,2.8471339737123618,-2.800238447971143,0.0,0.0,-0.0,-0.5582730067813145,-0.8296573087120672,0.22013909296160192,0.0,0.0,0.0,0.0,0.26331564387999346,399.34,67.87289719626159,1754048158.959166,0.7448029622966397,-4.8841046948267195,0.0,1754048158.959166,map,base_link,0.049790143966674805,93.81176710128784
1754048159.0248091,2.8502588133723914,-2.792444402912074,0.0,0.0,-0.0,-0.5618405171559044,-0.827245570119288,0.22516943643380644,0.0,0.0,0.0,0.0,0.29757038665836877,399.02,68.36635514018668,1754048158.996797,0.7491790512606014,-4.891271396066703,0.0,1754048158.996797,map,base_link,0.05562305450439453,93.86739015579224
1754048159.0695524,2.855276729390144,-2.7794952354860953,0.0,0.0,-0.0,-0.5680585509804121,-0.8229881424771771,0.2221861604984349,0.0,0.0,0.0,0.0,0.2756179392571152,398.47,69.22990654205589,1754048159.0593972,0.7565535084275683,-4.903039055123619,0.0,1754048159.0593972,map,base_link,0.04474329948425293,93.91213345527649
1754048159.119021,2.8581867563611807,-2.7716185404970997,0.0,0.0,-0.0,-0.5751253530029685,-0.8180652958860991,0.2174723396184597,0.0,0.0,0.0,0.0,0.28795181340562376,398.13,70.2168224299065,1754048159.097887,0.7611243358570539,-4.910083068009162,0.0,1754048159.097887,map,base_link,0.0494685173034668,93.96160197257996
1754048159.1812227,2.861827991932624,-2.7612590252974774,0.0,0.0,-0.0,-0.5803974878286662,-0.8143333200368098,0.22288041426077823,0.0,0.0,0.0,0.0,0.30888024754675175,397.68,70.95700934579422,1754048159.146783,0.7672472488481166,-4.919198334772227,0.0,1754048159.146783,map,base_link,0.062201738357543945,94.0238037109375
1754048159.2193615,2.8650463174843765,-2.751778414321028,0.0,0.0,-0.0,-0.5830244879678653,-0.8124545811488839,0.21074014611813338,0.0,0.0,0.0,0.0,0.24025616313195458,397.25,71.32710280373827,1754048159.198484,0.7577223215687687,-4.920121914389029,0.0,1754048159.198484,map,base_link,0.03813886642456055,94.06194257736206
1754048159.269162,2.869328545535124,-2.7389075647843364,0.0,0.0,-0.0,-0.5882602166908169,-0.808671699429919,0.21289813881071348,0.0,0.0,0.0,0.0,0.17337931344412583,396.67,72.06728971962605,1754048159.2592134,0.739993505459084,-4.919018080474043,0.0,1754048159.2592134,map,base_link,0.04980039596557617,94.11174297332764
1754048159.3195047,2.87160279754275,-2.731836024470511,0.0,0.0,-0.0,-0.5891304578060229,-0.8080379345583137,0.21101369671392428,0.0,0.0,0.0,0.0,0.12231950293745956,396.35,72.19065420560712,1754048159.2966902,0.7442358873392294,-4.925115711209604,0.0,1754048159.2966902,map,base_link,0.05034279823303223,94.16208577156067
1754048159.3691611,2.8756454470257578,-2.71888792692561,0.0,0.0,-0.0,-0.594337530684098,-0.8042157046590975,0.2114465332659365,0.0,0.0,0.0,0.0,0.17256397982595656,395.75,72.93084112149515,1754048159.3593955,0.7520774790351035,-4.936183939819004,0.0,1754048159.3593955,map,base_link,0.04965639114379883,94.21174216270447
1754048159.431817,2.8780689746008115,-2.7108481305859367,0.0,0.0,-0.0,-0.5977951495410633,-0.8016489001958262,0.2168365071564537,0.0,0.0,0.0,0.0,0.17288122883923646,395.37,73.42429906542031,1754048159.3967593,0.7552897954380691,-4.940636571049858,0.0,1754048159.3842864,map,base_link,0.06265592575073242,94.2743980884552
1754048159.4693024,2.8820515953152297,-2.6972071575061554,0.0,0.0,-0.0,-0.602960772942278,-0.7977708356996078,0.2247997733185286,0.0,0.0,0.0,0.0,0.18978410479950233,394.73,74.16448598130798,1754048159.4591386,0.7542742392658521,-4.9481180552855175,0.0,1754048159.4591386,map,base_link,0.037485361099243164,94.31188344955444
1754048159.519922,2.884487107242716,-2.6884982386182443,0.0,0.0,-0.0,-0.6063905588251005,-0.7951669574169832,0.23273355874761995,0.0,0.0,0.0,0.0,0.20718011169349326,394.31,74.65794392523341,1754048159.4966655,0.7554944282938685,-4.945230823141831,0.0,1754048159.4966655,map,base_link,0.05061960220336914,94.36250305175781
1754048159.570748,2.8884759274433796,-2.67351796802165,0.0,0.0,-0.0,-0.6132163331825168,-0.7899150136047476,0.23562090004457356,0.0,0.0,0.0,0.0,0.25220824870493724,393.59,75.64485981308366,1754048159.5621922,0.7619312165112619,-4.955680049062417,0.0,1754048159.5488212,map,base_link,0.050826072692871094,94.41332912445068
1754048159.6192224,2.8905951031744954,-2.6650593134494613,0.0,0.0,-0.0,-0.6174593764162097,-0.7866027704475147,0.24268241227480117,0.0,0.0,0.0,0.0,0.27389999798983816,393.17,76.2616822429903,1754048159.5969534,0.7683483437281944,-4.965760501302427,0.0,1754048159.5969534,map,base_link,0.04847431182861328,94.4618034362793
1754048159.6692288,2.894282405364344,-2.6490066397219176,0.0,0.0,-0.0,-0.6284072559308584,-0.7778845162962486,0.25332486613348293,0.0,0.0,0.0,0.0,0.3791031425705619,392.35,77.86542056074748,1754048159.659198,0.7774919998372374,-4.979460066412377,0.0,1754048159.659198,map,base_link,0.05000638961791992,94.51180982589722
1754048159.7253866,2.896201906001467,-2.639839426484652,0.0,0.0,-0.0,-0.6325853217491031,-0.7744906782573847,0.2598937312186201,0.0,0.0,0.0,0.0,0.38232884748347795,391.88,78.48224299065411,1754048159.696713,0.780773367617452,-4.987580090646332,0.0,1754048159.696713,map,base_link,0.056157827377319336,94.56796765327454
1754048159.7693224,2.8990768911199254,-2.624935053639013,0.0,0.0,-0.0,-0.6417123796458729,-0.7669453838502656,0.2506448420587368,0.0,0.0,0.0,0.0,0.36324586652208374,391.09,79.83925233644842,1754048159.759226,0.7883283833197758,-5.001633078878415,0.0,1754048159.759226,map,base_link,0.04393577575683594,94.61190342903137
1754048159.8396385,2.900667850392698,-2.615705192858804,0.0,0.0,-0.0,-0.6474737331917877,-0.762087767141482,0.24547415761920507,0.0,0.0,0.0,0.0,0.3631198591901029,390.59,80.7028037383172,1754048159.7968721,0.7934401379457183,-5.009481100672079,0.0,1754048159.7968721,map,base_link,0.07031607627868652,94.68221950531006
1754048159.8704882,2.9029583687440486,-2.6006999171533303,0.0,0.0,-0.0,-0.6564528735693947,-0.7543670358535587,0.2451438778080483,0.0,0.0,0.0,0.0,0.39672717506403365,389.75,82.05981308411152,1754048159.8592663,0.7968512615388588,-5.014582010724854,0.0,1754048159.8217382,map,base_link,0.030849695205688477,94.71306920051575
1754048159.9285567,2.9040425250043045,-2.592373154443269,0.0,0.0,-0.0,-0.662925407676195,-0.7486854505447201,0.23754397253346995,0.0,0.0,0.0,0.0,0.4127600017954721,389.28,83.04672897196217,1754048159.8967116,0.8068364162894657,-5.028879867949796,0.0,1754048159.8967116,map,base_link,0.05806851387023926,94.77113771438599
1754048159.9918294,2.9057161310187425,-2.5766370277760675,0.0,0.0,-0.0,-0.6733381892975387,-0.7393346216927164,0.2429579363650185,0.0,0.0,0.0,0.0,0.44763459730387656,388.36,84.65046728971906,1754048159.9593346,0.8143520837852622,-5.0389872622140714,0.0,1754048159.9467876,map,base_link,0.06327271461486816,94.83441042900085
1754048160.0250986,2.9064761313838403,-2.5679501844570205,0.0,0.0,-0.0,-0.6788905746510602,-0.7342394620625844,0.24045706745915663,0.0,0.0,0.0,0.0,0.4305328438581114,387.84,85.5140186915882,1754048159.9968684,0.8192924089811151,-5.04011808236511,0.0,1754048159.9968684,map,base_link,0.03326916694641113,94.86767959594727
1754048160.0691104,2.9074638956414085,-2.5524796583146605,0.0,0.0,-0.0,-0.6883190790628272,-0.7254080544066915,0.2456826701046236,0.0,0.0,0.0,0.0,0.39631205147281257,386.89,86.99439252336396,1754048160.059146,0.8284491397589551,-5.052626764902137,0.0,1754048160.059146,map,base_link,0.044011831283569336,94.91169142723083
1754048160.1276343,2.9078844899809475,-2.5431231538581924,0.0,0.0,-0.0,-0.693766090705651,-0.7202003966862268,0.24535223402638612,0.0,0.0,0.0,0.0,0.4304959978920855,386.31,87.85794392523347,1754048160.0968182,0.8321525463944943,-5.057519575711749,0.0,1754048160.084245,map,base_link,0.05852389335632324,94.97021532058716
1754048160.1736257,2.908332288640572,-2.526658144818941,0.0,0.0,-0.0,-0.7007114563564858,-0.7134447805757449,0.2593139852514538,0.0,0.0,0.0,0.0,0.34579474127345416,385.26,88.9682242990649,1754048160.1592526,0.8445970364164745,-5.081589381750845,0.0,1754048160.1592526,map,base_link,0.04599142074584961,95.01620674133301
1754048160.2264009,2.9084441793967417,-2.5169698342174214,0.0,0.0,-0.0,-0.7053051955030337,-0.708903788391928,0.25848210172057756,0.0,0.0,0.0,0.0,0.34468556323222893,384.63,89.70841121495262,1754048160.196845,0.8573439952265276,-5.1028714017507175,0.0,1754048160.196845,map,base_link,0.05277514457702637,95.06898188591003
1754048160.2693148,2.9082824809996097,-2.5014689372061993,0.0,0.0,-0.0,-0.7174107821863147,-0.6966503926668096,0.255741098839631,0.0,0.0,0.0,0.0,0.4308772161841956,383.61,91.68224299065415,1754048160.2592177,0.8664681634078368,-5.115403500917389,0.0,1754048160.2592177,map,base_link,0.04291391372680664,95.11189579963684
1754048160.3194506,2.907892522847151,-2.4921112277893043,0.0,0.0,-0.0,-0.7256101182922359,-0.6881060646673065,0.2499916876143032,0.0,0.0,0.0,0.0,0.5327736067883065,382.97,93.0392523364478,1754048160.297009,0.872214437692969,-5.122799386579821,0.0,1754048160.297009,map,base_link,0.05013585090637207,95.16203165054321
1754048160.3709,2.9066562639542814,-2.4747155559578853,0.0,0.0,-0.0,-0.7358983200142577,-0.6770920636074486,0.25886669576106686,0.0,0.0,0.0,0.0,0.5522089019592766,381.74,94.76635514018642,1754048160.3591607,0.8833130713337312,-5.1362514520652685,0.0,1754048160.3591607,map,base_link,0.05144929885864258,95.21348094940186
1754048160.425423,2.9057819101619238,-2.4650661743582325,0.0,0.0,-0.0,-0.741702387892069,-0.6707291314645598,0.26608355133838335,0.0,0.0,0.0,0.0,0.49966560625055434,381.05,95.75327102803669,1754048160.3968167,0.8896231054857409,-5.14360390259624,0.0,1754048160.3968167,map,base_link,0.05452299118041992,95.26800394058228
1754048160.4697096,2.9039256689515796,-2.4493509382482705,0.0,0.0,-0.0,-0.7538528339649418,-0.6570433050591307,0.2611851742541255,0.0,0.0,0.0,0.0,0.5001974533278843,379.9,97.85046728971909,1754048160.4591134,0.8885974812077415,-5.136662534219519,0.0,1754048160.4591134,map,base_link,0.04428672790527344,95.31229066848755
1754048160.5214417,2.902561840265497,-2.4404115319205513,0.0,0.0,-0.0,-0.7622778369753249,-0.6472499511442391,0.2507502960945564,0.0,0.0,0.0,0.0,0.6026258947338033,379.22,99.33084112149488,1754048160.4969916,0.8947106945731065,-5.143325989518878,0.0,1754048160.4969916,map,base_link,0.05173206329345703,95.364022731781
1754048160.5691066,2.899731266280271,-2.424841930521589,0.0,0.0,-0.0,-0.772630029224326,-0.6348565491044549,0.25100652852900185,0.0,0.0,0.0,0.0,0.6037801765888917,378.0,101.18130841121474,1754048160.5592253,0.9057359826530238,-5.154677978752631,0.0,1754048160.5592253,map,base_link,0.04766488075256348,95.41168761253357
1754048160.6198125,2.897957532472098,-2.416304248707214,0.0,0.0,-0.0,-0.7787448074859068,-0.62734083623955,0.2411736035250466,0.0,0.0,0.0,0.0,0.5246702157812799,377.32,102.29158878504616,1754048160.5995374,0.9119657582353322,-5.160779457145598,0.0,1754048160.5995374,map,base_link,0.050705909729003906,95.46239352226257
1754048160.6691787,2.894507387187209,-2.4015226424931444,0.0,0.0,-0.0,-0.7874480530566947,-0.6163810215582736,0.24428631368699444,0.0,0.0,0.0,0.0,0.482232275664484,376.1,103.89532710280346,1754048160.659273,0.923066501620919,-5.17113189072626,0.0,1754048160.659273,map,base_link,0.04936623573303223,95.5117597579956
1754048160.7193651,2.892108449378747,-2.392135420373826,0.0,0.0,-0.0,-0.7927273437948206,-0.6095763761826801,0.24673216848604396,0.0,0.0,0.0,0.0,0.4645410525475434,375.32,104.88224299065374,1754048160.6968038,0.9302887798889112,-5.177590492614128,0.0,1754048160.6968038,map,base_link,0.0501863956451416,95.56194615364075
1754048160.7694018,2.888025786624373,-2.3775156693580834,0.0,0.0,-0.0,-0.7998902802653127,-0.6001462651196618,0.2518833222765277,0.0,0.0,0.0,0.0,0.41114543111276164,374.08,106.2392523364484,1754048160.7597516,0.9418245895594013,-5.187456107150206,0.0,1754048160.7597516,map,base_link,0.05003666877746582,95.61198282241821
1754048160.8328445,2.884895638292497,-2.3669904222223495,0.0,0.0,-0.0,-0.8037501207837439,-0.5949670102956274,0.260864016938822,0.0,0.0,0.0,0.0,0.3950190038975416,373.17,106.97943925233606,1754048160.7967527,0.950288131109859,-5.194452329007144,0.0,1754048160.7967527,map,base_link,0.06344270706176758,95.67542552947998
1754048160.869583,2.8803754673673585,-2.3528390165214375,0.0,0.0,-0.0,-0.8126257260760547,-0.5827859206598637,0.2578771745866666,0.0,0.0,0.0,0.0,0.41204460938832793,371.92,108.70654205607408,1754048160.8596566,0.9570621312222936,-5.178805627175733,0.0,1754048160.8596566,map,base_link,0.03673839569091797,95.7121639251709
1754048160.9196382,2.8770687917069684,-2.343388998461632,0.0,0.0,-0.0,-0.8182341213318078,-0.5748851386915167,0.2569722654499781,0.0,0.0,0.0,0.0,0.4666705601067974,371.07,109.81682242990617,1754048160.8968608,0.9646119690918806,-5.185381103842608,0.0,1754048160.8968608,map,base_link,0.05005526542663574,95.76221919059753
1754048160.9693093,2.8711946084486386,-2.3276559997529302,0.0,0.0,-0.0,-0.8255924049512262,-0.564266941160698,0.26126008886125995,0.0,0.0,0.0,0.0,0.46564000859420407,369.62,111.29719626168196,1754048160.9592385,0.9775020910839709,-5.196145769761691,0.0,1754048160.9592385,map,base_link,0.049671173095703125,95.81189036369324
1754048161.0198705,2.8678377015714003,-2.31925916188547,0.0,0.0,-0.0,-0.830421455839013,-0.557135715676364,0.26351804180489463,0.0,0.0,0.0,0.0,0.4479120171068155,368.83,112.28411214953225,1754048160.9967508,0.9845744030465138,-5.201781203503591,0.0,1754048160.9967508,map,base_link,0.05056118965148926,95.86245155334473
1754048161.0760424,2.8614989558467836,-2.304407605878854,0.0,0.0,-0.0,-0.8387238671684092,-0.5445569526156733,0.25071580772539215,0.0,0.0,0.0,0.0,0.4653985755328048,367.4,114.01121495327055,1754048161.0592203,0.9974320277732964,-5.211550026337701,0.0,1754048161.0592203,map,base_link,0.05617189407348633,95.91862344741821
1754048161.140765,2.8576095275268885,-2.295887452619138,0.0,0.0,-0.0,-0.8439606418274259,-0.5364051034863848,0.2532937023499885,0.0,0.0,0.0,0.0,0.4823044093555926,366.57,115.12149532710198,1754048161.0967085,1.0050281104088903,-5.217029094946313,0.0,1754048161.0967085,map,base_link,0.06472253799438477,95.9833459854126
1754048161.173581,2.8521032644860287,-2.2845595103481173,0.0,0.0,-0.0,-0.8513848732760185,-0.5245415117574374,0.2556897006502751,0.0,0.0,0.0,0.0,0.5366813634633559,365.43,116.72523364485954,1754048161.1467736,1.0100638164921545,-5.220535681910768,0.0,1754048161.1218605,map,base_link,0.03281593322753906,96.01616191864014
1754048161.2262504,2.8478141554094814,-2.2762334219594194,0.0,0.0,-0.0,-0.8564271265958333,-0.5162679312438498,0.25009669327383816,0.0,0.0,0.0,0.0,0.536773035552048,364.57,117.83551401869094,1754048161.1843152,1.0355124963592064,-5.219530877942292,0.0,1754048161.1603596,map,base_link,0.052669525146484375,96.06883144378662
1754048161.2985857,2.838491432445879,-2.259246452378303,0.0,0.0,-0.0,-0.8651923196250288,-0.5014401759550804,0.2534796990684371,0.0,0.0,0.0,0.0,0.4824395312437996,362.78,119.80934579439219,1754048161.2591465,1.0563759481408916,-5.23364529449621,0.0,1754048161.2591465,map,base_link,0.07233524322509766,96.14116668701172
1754048161.3190641,2.833430463965896,-2.25060797704592,0.0,0.0,-0.0,-0.8700100989511832,-0.49303390119032636,0.25800100721268804,0.0,0.0,0.0,0.0,0.4806092229800248,361.85,120.919626168224,1754048161.296993,1.0648502456477735,-5.238976611386849,0.0,1754048161.296993,map,base_link,0.020478487014770508,96.16164517402649
1754048161.3691597,2.8254282279789837,-2.237709729868327,0.0,0.0,-0.0,-0.8768248080165988,-0.48080999994452556,0.2517628886656901,0.0,0.0,0.0,0.0,0.46706227653514604,360.42,122.52336448598123,1754048161.3592038,1.0778987684014876,-5.246731391524953,0.0,1754048161.3592038,map,base_link,0.050095558166503906,96.211740732193
1754048161.4264338,2.8201663631517864,-2.2295740885049713,0.0,0.0,-0.0,-0.879912214293135,-0.4751362911184033,0.2500625716079603,0.0,0.0,0.0,0.0,0.4303160757226577,359.5,123.26355140186895,1754048161.3971598,1.0863194483646423,-5.251523888870906,0.0,1754048161.3971598,map,base_link,0.05727410316467285,96.26901483535767
1754048161.469389,2.81183517208587,-2.217274063497349,0.0,0.0,-0.0,-0.8869731711926365,-0.46182095403357115,0.24821332698050697,0.0,0.0,0.0,0.0,0.41363588730399387,358.09,124.99065420560663,1754048161.459388,1.0993839958750264,-5.258596155700846,0.0,1754048161.459388,map,base_link,0.04295516014099121,96.31196999549866
1754048161.5191545,2.805859236257947,-2.208842078560679,0.0,0.0,-0.0,-0.8899377097298298,-0.4560820899803294,0.25371364438462213,0.0,0.0,0.0,0.0,0.4141246156645331,357.1,125.73084112149509,1754048161.4966457,1.1085749462852656,-5.263322317943956,0.0,1754048161.4966457,map,base_link,0.049765586853027344,96.36173558235168
1754048161.5690832,2.796124830009693,-2.195555292311207,0.0,0.0,-0.0,-0.8943148588404866,-0.44743818931459195,0.26085462440680235,0.0,0.0,0.0,0.0,0.36302734218015775,355.51,126.84112149532687,1754048161.55924,1.1358450072099058,-5.321420946406714,0.0,1754048161.55924,map,base_link,0.04992866516113281,96.41166424751282
1754048161.6228151,2.790452696051395,-2.1881022411506756,0.0,0.0,-0.0,-0.8976612858754374,-0.440686074026008,0.263557067862838,0.0,0.0,0.0,0.0,0.3462507925768889,354.6,127.7046728971964,1754048161.5966463,1.1439343893641558,-5.326141430662048,0.0,1754048161.5966463,map,base_link,0.05373191833496094,96.46539616584778
1754048161.6731837,2.781197329117595,-2.1764816619132223,0.0,0.0,-0.0,-0.904201019228261,-0.42710714911667547,0.2522969204004666,0.0,0.0,0.0,0.0,0.4689931796737975,353.16,129.43177570093414,1754048161.6591866,1.156927437113358,-5.333344234913183,0.0,1754048161.6591866,map,base_link,0.050368547439575195,96.51576471328735
1754048161.7192817,2.7749791312855896,-2.1690514329904267,0.0,0.0,-0.0,-0.9078458853337357,-0.4193040048492332,0.2537372742198841,0.0,0.0,0.0,0.0,0.4839071080376593,352.21,130.41869158878515,1754048161.6967256,1.1655127360870128,-5.337834995166867,0.0,1754048161.6967256,map,base_link,0.04609799385070801,96.56186270713806
1754048161.7692993,2.7653978858536212,-2.158124282009241,0.0,0.0,-0.0,-0.9144983018182399,-0.40458973784755775,0.24872235304701557,0.0,0.0,0.0,0.0,0.5180487820274584,350.78,132.2691588785046,1754048161.7591534,1.17854200308508,-5.3442724709211,0.0,1754048161.7591534,map,base_link,0.050017595291137695,96.6118803024292
1754048161.8245673,2.7592407471351144,-2.1515012905234756,0.0,0.0,-0.0,-0.9188008681635952,-0.39472137598795415,0.24033434295936637,0.0,0.0,0.0,0.0,0.533629579884919,349.89,133.50280373831748,1754048161.7967417,1.1854516084661588,-5.332390162661529,0.0,1754048161.7967417,map,base_link,0.055268049240112305,96.66714835166931
1754048161.8690243,2.748621361547721,-2.1406558207497572,0.0,0.0,-0.0,-0.9250549040953127,-0.3798334166568442,0.23759447331210243,0.0,0.0,0.0,0.0,0.550654748926103,348.39,135.35327102803728,1754048161.8593218,1.204634272982803,-5.303940162153792,0.0,1754048161.8593218,map,base_link,0.04445695877075195,96.71160531044006
1754048161.9193928,2.7423584200522093,-2.1345883907988195,0.0,0.0,-0.0,-0.9286916411948389,-0.3708528489506808,0.2377380193361552,0.0,0.0,0.0,0.0,0.5168114066454116,347.52,136.46355140186907,1754048161.8967884,1.212429317959943,-5.307848539846659,0.0,1754048161.8967884,map,base_link,0.050368547439575195,96.76197385787964
1754048161.9784257,2.7314456372459883,-2.1245080570140256,0.0,0.0,-0.0,-0.9334049492885904,-0.35882474920713603,0.23506075814095126,0.0,0.0,0.0,0.0,0.46551550390024365,346.04,137.94392523364488,1754048161.9592686,1.2232223986043924,-5.312976982326381,0.0,1754048161.9468167,map,base_link,0.05903291702270508,96.82100677490234
1754048162.0200944,2.7244412139756284,-2.1182904366485555,0.0,0.0,-0.0,-0.9360824899903151,-0.3517805735590465,0.23836641305207218,0.0,0.0,0.0,0.0,0.4282716763057108,345.1,138.80747663551404,1754048161.9977717,1.23441154173253,-5.318018663793135,0.0,1754048161.9977717,map,base_link,0.04166865348815918,96.8626754283905
1754048162.0703158,2.713128420783836,-2.1086611115682437,0.0,0.0,-0.0,-0.940548799225869,-0.3396585878124914,0.24067601805714817,0.0,0.0,0.0,0.0,0.40015109548516214,343.62,140.2878504672898,1754048162.0591784,1.2550631015533322,-5.30908183152253,0.0,1754048162.0591784,map,base_link,0.05022144317626953,96.91289687156677
1754048162.1196203,2.705878638161441,-2.1027313790978566,0.0,0.0,-0.0,-0.9430817040248093,-0.3325611215004875,0.24334069901085337,0.0,0.0,0.0,0.0,0.4180825594839547,342.68,141.15140186915895,1754048162.0967345,1.2635777999600326,-5.312983239766393,0.0,1754048162.0967345,map,base_link,0.04930448532104492,96.96220135688782
1754048162.169897,2.6939190834015783,-2.0933841949342287,0.0,0.0,-0.0,-0.9476434725632038,-0.31933031316859406,0.24409994479364147,0.0,0.0,0.0,0.0,0.4066380324176125,341.17,142.75514018691553,1754048162.1591568,1.2775139605706416,-5.318998572614893,0.0,1754048162.1591568,map,base_link,0.050276756286621094,97.01247811317444
1754048162.2431219,2.6866593971856725,-2.0879923611976063,0.0,0.0,-0.0,-0.9510262685778398,-0.30911007177850197,0.2417711975101075,0.0,0.0,0.0,0.0,0.46756425219361103,340.26,143.98878504672908,1754048162.1978192,1.285902077499144,-5.322377094390841,0.0,1754048162.1978192,map,base_link,0.07322478294372559,97.08570289611816
1754048162.2695744,2.6739820417233826,-2.079071054023288,0.0,0.0,-0.0,-0.9555769267461066,-0.29474181425523244,0.24646258004850274,0.0,0.0,0.0,0.0,0.4960779277752124,338.71,145.71588785046708,1754048162.259221,1.3056663700480544,-5.321185123575278,0.0,1754048162.259221,map,base_link,0.02645254135131836,97.11215543746948
1754048162.3214965,2.6664535730666827,-2.0740614100135297,0.0,0.0,-0.0,-0.9586945586348294,-0.28443759112320166,0.2500973047061573,0.0,0.0,0.0,0.0,0.5171030305636741,337.81,146.94953271027993,1754048162.2967203,1.3258426020281258,-5.317354716779266,0.0,1754048162.2967203,map,base_link,0.05192208290100098,97.16407752037048
1754048162.3805802,2.656346371866786,-2.0676870533717913,0.0,0.0,-0.0,-0.9625813189858764,-0.2709929968456941,0.25029002757922114,0.0,0.0,0.0,0.0,0.5544448724546225,336.62,148.55327102803676,1754048162.3467345,1.331533138754871,-5.3196508563856035,0.0,1754048162.3221474,map,base_link,0.05908370018005371,97.22316122055054
1754048162.4198823,2.645254499695999,-2.0610646916448307,0.0,0.0,-0.0,-0.9654428800719941,-0.2606147450131961,0.24537249976560763,0.0,0.0,0.0,0.0,0.4995226755861234,335.34,149.78691588785003,1754048162.396801,1.349080587712237,-5.326204090851818,0.0,1754048162.396801,map,base_link,0.03930211067199707,97.26246333122253
1754048162.4698262,2.633120060977296,-2.0543119618177976,0.0,0.0,-0.0,-0.9700505715484816,-0.24290304369946467,0.23790941713344776,0.0,0.0,0.0,0.0,0.5167407987067782,333.97,151.88411214953237,1754048162.4592278,1.3622550447595385,-5.330594722314792,0.0,1754048162.4592278,map,base_link,0.04994392395019531,97.31240725517273
1754048162.5208976,2.6253768402505253,-2.050302031307834,0.0,0.0,-0.0,-0.9728589789438091,-0.23139880528734189,0.23085762644363844,0.0,0.0,0.0,0.0,0.5693934259720054,333.11,153.2411214953267,1754048162.4969678,1.3706065698004966,-5.333102518041818,0.0,1754048162.4969678,map,base_link,0.0510714054107666,97.3634786605835
1754048162.5689447,2.6125768078772413,-2.04413124571639,0.0,0.0,-0.0,-0.9767002912409085,-0.21460787751134505,0.2278777140923156,0.0,0.0,0.0,0.0,0.5665226019260484,331.72,155.21495327102758,1754048162.5615065,1.389318967804432,-5.368009927928609,0.0,1754048162.5615065,map,base_link,0.04804706573486328,97.41152572631836
1754048162.6265025,2.6052140317442247,-2.0408176624836365,0.0,0.0,-0.0,-0.9787337550189719,-0.20513467962892856,0.22907591348423462,0.0,0.0,0.0,0.0,0.5578848567861969,330.94,156.3252336448597,1754048162.5967188,1.3969173705219018,-5.370740236037313,0.0,1754048162.5967188,map,base_link,0.05755782127380371,97.46908354759216
1754048162.6692424,2.5906134112407284,-2.0347156117625262,0.0,0.0,-0.0,-0.982323909528644,-0.18718904019295676,0.23875353304603317,0.0,0.0,0.0,0.0,0.5555533535535562,329.41,158.42242990654174,1754048162.6591976,1.4119487412955762,-5.375687056708658,0.0,1754048162.6591976,map,base_link,0.0427398681640625,97.51182341575623
1754048162.7191079,2.5827770201197855,-2.0316987680102048,0.0,0.0,-0.0,-0.9838996173125444,-0.17872197137517468,0.2349340911857877,0.0,0.0,0.0,0.0,0.5357130311402162,328.61,159.4093457943924,1754048162.696769,1.4199962192877393,-5.378084653420362,0.0,1754048162.696769,map,base_link,0.0498654842376709,97.5616888999939
1754048162.7775972,2.567886711266759,-2.0263412191001984,0.0,0.0,-0.0,-0.9863044403126903,-0.1649349902824468,0.2426772413663974,0.0,0.0,0.0,0.0,0.4865074308003197,327.11,161.01308411214933,1754048162.7591991,1.4418573493879894,-5.371240956481132,0.0,1754048162.7591991,map,base_link,0.058489322662353516,97.62017822265625
1754048162.8194096,2.559308078861816,-2.023480736933734,0.0,0.0,-0.0,-0.9876883405951377,-0.15643446504023123,0.24246787819487542,0.0,0.0,0.0,0.0,0.44755791479660684,326.26,161.99999999999997,1754048162.7970123,1.4620772885370568,-5.359665079928563,0.0,1754048162.7970123,map,base_link,0.04181241989135742,97.66199064254761
1754048162.8693066,2.5429416723260774,-2.0184689381059253,0.0,0.0,-0.0,-0.9900856160391346,-0.14046520178466748,0.24852839947478117,0.0,0.0,0.0,0.0,0.4639419317465706,324.67,163.8504672897194,1754048162.863823,1.4785665394039036,-5.364256593429982,0.0,1754048162.863823,map,base_link,0.049896955490112305,97.71188759803772
1754048162.9189215,2.53517174542566,-2.0162736429028363,0.0,0.0,-0.0,-0.9911160255031721,-0.13300009019093018,0.25128782834774144,0.0,0.0,0.0,0.0,0.4565615547231029,323.92,164.71401869158862,1754048162.896772,1.4863900785803619,-5.366252419028815,0.0,1754048162.896772,map,base_link,0.049614906311035156,97.76150250434875
1754048162.9741004,2.520145534075126,-2.012464579899975,0.0,0.0,-0.0,-0.9935070658115275,-0.11377042753971335,0.25151011515315,0.0,0.0,0.0,0.0,0.5277346996232388,322.51,166.9345794392521,1754048162.9592373,1.501508807339293,-5.369675871850826,0.0,1754048162.9592373,map,base_link,0.05517888069152832,97.81668138504028
1754048163.0322926,2.510366813454625,-2.0103169296396404,0.0,0.0,-0.0,-0.994784657653784,-0.10199747495229385,0.250279307527277,0.0,0.0,0.0,0.0,0.6050185853783967,321.61,168.29158878504612,1754048162.996697,1.5081635714860124,-5.370984713033153,0.0,1754048162.9845023,map,base_link,0.05819225311279297,97.87487363815308
1754048163.0695102,2.495764759688666,-2.0075847225980428,0.0,0.0,-0.0,-0.9965742766096544,-0.08270254651426442,0.24728752501354928,0.0,0.0,0.0,0.0,0.643468036674947,320.3,170.51214953270994,1754048163.0592196,1.5136202203762466,-5.371626318610673,0.0,1754048163.0592196,map,base_link,0.03721761703491211,97.91209125518799
1754048163.1193485,2.4865059288252676,-2.0061730547116836,0.0,0.0,-0.0,-0.9974837517731482,-0.07089545083123752,0.24824084314841066,0.0,0.0,0.0,0.0,0.6206805969392499,319.49,171.8691588785046,1754048163.0966563,1.5228200775836815,-5.37338170533194,0.0,1754048163.0966563,map,base_link,0.04983830451965332,97.96192955970764
1754048163.1730316,2.4720867101904833,-2.004359861978766,0.0,0.0,-0.0,-0.9986141255192749,-0.05262915839507523,0.24025718028095402,0.0,0.0,0.0,0.0,0.6025087587724708,318.26,173.96635514018698,1754048163.1593122,1.5371617967806155,-5.375730454871736,0.0,1754048163.1593122,map,base_link,0.05368304252624512,98.01561260223389
1754048163.2207487,2.4637267094169535,-2.0035734189028642,0.0,0.0,-0.0,-0.9992106772674173,-0.039724330514045864,0.23530384243267338,0.0,0.0,0.0,0.0,0.6035389712825905,317.56,175.44672897196241,1754048163.19667,1.545486723528998,-5.376827587625386,0.0,1754048163.19667,map,base_link,0.04771709442138672,98.06332969665527
1754048163.2720983,2.449218102792343,-2.0027447569107233,0.0,0.0,-0.0,-0.9998533354459458,-0.0171262254340227,0.22989264507137802,0.0,0.0,0.0,0.0,0.7074758066507554,316.38,178.03738317756995,1754048163.2591934,1.5872005295956355,-5.388907579870292,0.0,1754048163.2591934,map,base_link,0.051349639892578125,98.11467933654785
1754048163.319634,2.4398548792213823,-2.0025195712431967,0.0,0.0,-0.0,-0.9999723379178197,-0.0074379700973956206,0.23543750258001744,0.0,0.0,0.0,0.0,0.6734877192308961,315.64,179.14766355140134,1754048163.2966425,1.5964322822788541,-5.390487265478426,0.0,1754048163.2966425,map,base_link,0.04753565788269043,98.16221499443054
1754048163.3693216,2.4253229693397684,-2.002625671224002,0.0,0.0,0.0,-0.9998849425477887,0.01516910235331382,0.23812053425507534,0.0,0.0,0.0,0.0,0.6567186057734774,314.53,-178.26168224299084,1754048163.359171,1.6108261691898909,-5.392488185668128,0.0,1754048163.359171,map,base_link,0.04968762397766113,98.2119026184082
1754048163.4215612,2.4162886071297685,-2.0030167242214927,0.0,0.0,0.0,-0.9996055473074851,0.02808468963872113,0.2343632973017015,0.0,0.0,0.0,0.0,0.6452052790886287,313.86,-176.78130841121506,1754048163.3987381,1.6198218345501534,-5.393410480477014,0.0,1754048163.3987381,map,base_link,0.05223965644836426,98.26414227485657
1754048163.4691334,2.401156008464373,-2.004192578298099,0.0,0.0,0.0,-0.9987152276318821,0.050674392904087456,0.24138332979833438,0.0,0.0,0.0,0.0,0.7094576292488831,312.77,-174.19065420560787,1754048163.4592144,1.653582672665113,-5.371311400527753,0.0,1754048163.4592144,map,base_link,0.04757213592529297,98.31171441078186
1754048163.5194867,2.3921726196487834,-2.0052274736773015,0.0,0.0,0.0,-0.9979772606039586,0.06357190666810637,0.24217619009731503,0.0,0.0,0.0,0.0,0.7090643088607107,312.14,-172.71028037383175,1754048163.4967134,1.662576595188104,-5.372250357772995,0.0,1754048163.4967134,map,base_link,0.050353288650512695,98.36206769943237
1754048163.5779917,2.380028440310934,-2.006994763039841,0.0,0.0,0.0,-0.9967342475986849,0.08075171616680037,0.24058232745965577,0.0,0.0,0.0,0.0,0.7045694012328199,311.33,-170.73644859813047,1754048163.5468087,1.6748149205033862,-5.373160191251227,0.0,1754048163.5468087,map,base_link,0.05850505828857422,98.42057275772095
1754048163.6198516,2.3689021096290803,-2.008987392698952,0.0,0.0,0.0,-0.99530033904928,0.09683612491414759,0.23820131999315391,0.0,0.0,0.0,0.0,0.6739681640756687,310.61,-168.88598130841135,1754048163.5967221,1.686108539775505,-5.373629202057874,0.0,1754048163.5967221,map,base_link,0.04185986518859863,98.46243262290955
1754048163.6699383,2.3534263192644587,-2.0122907995317165,0.0,0.0,0.0,-0.9933615120670518,0.11503437027193421,0.23863603579938814,0.0,0.0,0.0,0.0,0.5956438873999463,309.64,-166.78878504672934,1754048163.6604047,1.7019324091631602,-5.3737624000868,0.0,1754048163.6604047,map,base_link,0.05008673667907715,98.51251935958862
1754048163.7266169,2.344335182424799,-2.014542479039096,0.0,0.0,0.0,-0.9919296388738452,0.12678955605097408,0.24620890970345544,0.0,0.0,0.0,0.0,0.6025843634504559,309.1,-165.43177570093468,1754048163.6978972,1.700288074051672,-5.402083938228573,0.0,1754048163.6978972,map,base_link,0.05667853355407715,98.5691978931427
1754048163.7694347,2.3300181037199845,-2.0185075882357353,0.0,0.0,0.0,-0.9899061014161336,0.14172476981498888,0.2465319461661073,0.0,0.0,0.0,0.0,0.5659777225844006,308.28,-163.704672897196,1754048163.7591686,1.715134563740008,-5.402615518434425,0.0,1754048163.7591686,map,base_link,0.04281783103942871,98.61201572418213
1754048163.8194358,2.320736124386661,-2.0212862104678115,0.0,0.0,0.0,-0.9889700070272629,0.14811591811988178,0.24634482966305424,0.0,0.0,0.0,0.0,0.4618917300771743,307.76,-162.96448598130831,1754048163.796655,1.7248224156926506,-5.402761827684007,0.0,1754048163.796655,map,base_link,0.05000114440917969,98.66201686859131
1754048163.874244,2.3102885799693893,-2.0246656023099687,0.0,0.0,0.0,-0.986625390898192,0.16300410435013515,0.23940479151215593,0.0,0.0,0.0,0.0,0.48068421893437163,307.19,-161.2373831775703,1754048163.8471625,1.7303128104592511,-5.4027637274130615,0.0,1754048163.822056,map,base_link,0.05480813980102539,98.71682500839233
1754048163.919403,2.298415861588669,-2.0288702372146274,0.0,0.0,0.0,-0.9842475588294035,0.1767957661776997,0.24248982677149064,0.0,0.0,0.0,0.0,0.5361612705532504,306.58,-159.63364485981342,1754048163.896672,1.7483904649718784,-5.402253254936308,0.0,1754048163.896672,map,base_link,0.045159101486206055,98.76198410987854
1754048163.9696207,2.284588453502027,-2.03430002319837,0.0,0.0,0.0,-0.9802130988332041,0.1979451461284343,0.2457274722006501,0.0,0.0,0.0,0.0,0.640281183948827,305.9,-157.166355140187,1754048163.9592524,1.7825399815972978,-5.3915460181898105,0.0,1754048163.9592524,map,base_link,0.050217628479003906,98.81220173835754
1754048164.0192294,2.2762966492991348,-2.0379082513750024,0.0,0.0,0.0,-0.9775741821419924,0.21059135407089868,0.24401115128527978,0.0,0.0,0.0,0.0,0.6838836606691785,305.53,-155.68598130841156,1754048163.9967134,1.788676187075896,-5.391507970133029,0.0,1754048163.984711,map,base_link,0.049608707427978516,98.86181044578552
1754048164.0710137,2.2623086364097054,-2.044588314869625,0.0,0.0,0.0,-0.9728136668004137,0.2315892261879505,0.24098408194551152,0.0,0.0,0.0,0.0,0.7105140803240424,304.93,-153.21869158878513,1754048164.059548,1.8070676592011274,-5.390750891443489,0.0,1754048164.059548,map,base_link,0.05178427696228027,98.9135947227478
1754048164.1294026,2.254861917820976,-2.0484683827142973,0.0,0.0,0.0,-0.9697407419106179,0.24413703831791772,0.23793458749846058,0.0,0.0,0.0,0.0,0.691213971315721,304.64,-151.73831775700938,1754048164.09682,1.8154376438479907,-5.390078655450509,0.0,1754048164.09682,map,base_link,0.05838894844055176,98.97198367118835
1754048164.16938,2.242465116988921,-2.0554137140279916,0.0,0.0,0.0,-0.9653918494051829,0.26080371374280853,0.22720112624851446,0.0,0.0,0.0,0.0,0.6196939696504544,304.19,-149.7644859813088,1754048164.159205,1.8234640738516164,-5.3888153849722755,0.0,1754048164.159205,map,base_link,0.039977312088012695,99.01196098327637
1754048164.220392,2.2355291563519626,-2.05954684314137,0.0,0.0,0.0,-0.9628196417001079,0.27014503059741024,0.2245364902509202,0.0,0.0,0.0,0.0,0.5682168237860601,303.96,-148.6542056074767,1754048164.1967118,1.8270586470350976,-5.400189935474816,0.0,1754048164.1967118,map,base_link,0.05101203918457031,99.06297302246094
1754048164.273635,2.223517653311351,-2.0671391028652546,0.0,0.0,0.0,-0.9580238121707333,0.2866886382713057,0.21939814788024595,0.0,0.0,0.0,0.0,0.5323888065309522,303.6,-146.68037383177577,1754048164.2592313,1.8412518764502805,-5.399503749073379,0.0,1754048164.2592313,map,base_link,0.05324292182922363,99.11621594429016
1754048164.3250697,2.216028060719545,-2.0722064775175486,0.0,0.0,0.0,-0.9542403285162777,0.29904079225608393,0.22801679243638534,0.0,0.0,0.0,0.0,0.5859586503888943,303.39,-145.20000000000033,1754048164.2967691,1.8502661375329592,-5.39878584922573,0.0,1754048164.2967691,map,base_link,0.05143475532531738,99.16765069961548
1754048164.369333,2.2044921234317165,-2.080503595353297,0.0,0.0,0.0,-0.9489480687807431,0.3154323425986912,0.23247718598947772,0.0,0.0,0.0,0.0,0.5988704987759221,303.12,-143.2261682242994,1754048164.359248,1.8743268296138893,-5.393846061461436,0.0,1754048164.359248,map,base_link,0.044263362884521484,99.2119140625
1754048164.4279785,2.1978070668801144,-2.085584972226566,0.0,0.0,0.0,-0.9461962584001117,0.32359332593492895,0.23143891763823704,0.0,0.0,0.0,0.0,0.5598382768285535,302.99,-142.23925233644877,1754048164.3966486,1.8827062664668395,-5.393302545082906,0.0,1754048164.3966486,map,base_link,0.05864548683166504,99.27055954933167
1754048164.4691918,2.1854372414420085,-2.0954544702827667,0.0,0.0,0.0,-0.9408476125304353,0.33883000161700555,0.24355029939777859,0.0,0.0,0.0,0.0,0.5407125341827357,302.77,-140.38878504672897,1754048164.4593766,1.8984693042749883,-5.391907477948523,0.0,1754048164.4593766,map,base_link,0.041213274002075195,99.31177282333374
1754048164.519256,2.1795158157448764,-2.100456145601267,0.0,0.0,0.0,-0.9378945935239624,0.3469203531626838,0.23880371440179543,0.0,0.0,0.0,0.0,0.5073887268394884,302.69,-139.40186915887867,1754048164.4966397,1.9061681412709681,-5.3910086191232995,0.0,1754048164.4966397,map,base_link,0.0500643253326416,99.36183714866638
1754048164.570592,2.1686352416182633,-2.1100903772180137,0.0,0.0,0.0,-0.9321703528674868,0.3620199348584345,0.23244597731134956,0.0,0.0,0.0,0.0,0.5164188910164327,302.58,-137.5514018691592,1754048164.5592453,1.9176867821238373,-5.389428573980042,0.0,1754048164.5468073,map,base_link,0.051335811614990234,99.41317296028137
1754048164.6190164,2.1627386742964743,-2.115605899325459,0.0,0.0,0.0,-0.9286190334616365,0.37103462195969794,0.22256333218972307,0.0,0.0,0.0,0.0,0.4821156389245148,302.54,-136.44112149532745,1754048164.5966554,1.9285216955544011,-5.38764616109665,0.0,1754048164.5966554,map,base_link,0.048424482345581055,99.46159744262695
1754048164.6696024,2.153074676441918,-2.1251237324383148,0.0,0.0,0.0,-0.9220905470519692,0.386974189110075,0.21973676115000934,0.0,0.0,0.0,0.0,0.5332887590188848,302.52,-134.46728971962654,1754048164.6592135,1.9522908818227653,-5.3742728345729605,0.0,1754048164.6592135,map,base_link,0.05058598518371582,99.51218342781067
1754048164.719954,2.1472574342156037,-2.1311792105709007,0.0,0.0,0.0,-0.9178711914421589,0.39687841453088846,0.22033306859799975,0.0,0.0,0.0,0.0,0.535058866801342,302.53,-133.23364485981332,1754048164.6967602,1.9606015284709173,-5.373071887103915,0.0,1754048164.6967602,map,base_link,0.050351619720458984,99.56253504753113
1754048164.7699356,2.1379444244701404,-2.14148026938132,0.0,0.0,0.0,-0.9104544169330836,0.41360942287022273,0.22133216040548484,0.0,0.0,0.0,0.0,0.5842403823065293,302.6,-131.13644859813093,1754048164.7597418,1.9714235145017267,-5.371212983102097,0.0,1754048164.746785,map,base_link,0.04998159408569336,99.61251664161682
1754048164.8232768,2.132506872188993,-2.1478788003100995,0.0,0.0,0.0,-0.9050352969420311,0.4253364683271933,0.22238830002656354,0.0,0.0,0.0,0.0,0.6220185590477102,302.67,-129.65607476635515,1754048164.7966456,1.9825011965308534,-5.368965804247585,0.0,1754048164.7966456,map,base_link,0.05334115028381348,99.66585779190063
1754048164.8711119,2.123319991872495,-2.1595521850507127,0.0,0.0,0.0,-0.8937448613048518,0.44857566016355727,0.23236423274866955,0.0,0.0,0.0,0.0,0.7239461316045964,302.86,-126.69532710280359,1754048164.8592992,1.9969228727919317,-5.365404633783722,0.0,1754048164.8592992,map,base_link,0.04783511161804199,99.71369290351868
1754048164.9201002,2.118575104993726,-2.1660848437294944,0.0,0.0,0.0,-0.8883702224546085,0.4591278121133041,0.2296503754581043,0.0,0.0,0.0,0.0,0.740377940444333,302.99,-125.33831775700929,1754048164.8968024,2.0046809502774954,-5.363168160078586,0.0,1754048164.8968024,map,base_link,0.04898834228515625,99.76268124580383
1754048164.9928572,2.1104136102747693,-2.17810930089597,0.0,0.0,0.0,-0.8787937621011179,0.47720176413354104,0.22640292125272637,0.0,0.0,0.0,0.0,0.6864646503643227,303.28,-122.99439252336467,1754048164.9596217,2.0185095940539766,-5.358699807194226,0.0,1754048164.9596217,map,base_link,0.07275700569152832,99.83543825149536
1754048165.0193448,2.1055923598304047,-2.1857597016268997,0.0,0.0,0.0,-0.8725557765913132,0.4885145000275123,0.2326027328590799,0.0,0.0,0.0,0.0,0.6552804546206266,303.5,-121.5140186915889,1754048164.9966464,2.0274180889864946,-5.348803598866374,0.0,1754048164.9966464,map,base_link,0.02648758888244629,99.86192584037781
1754048165.069184,2.0984219713140018,-2.1980275954894313,0.0,0.0,0.0,-0.8629260904980867,0.5053301518192714,0.23277459601053216,0.0,0.0,0.0,0.0,0.6558918191518701,303.89,-119.29345794392542,1754048165.0592184,2.04334382463855,-5.363109018527108,0.0,1754048165.0592184,map,base_link,0.04983925819396973,99.91176509857178
1754048165.1256316,2.094074646957583,-2.205957000347799,0.0,0.0,0.0,-0.8574360171238595,0.5145905911875698,0.23780220022618798,0.0,0.0,0.0,0.0,0.6212339031291582,304.16,-118.05981308411222,1754048165.0967352,2.0521499506490386,-5.361053091691051,0.0,1754048165.0967352,map,base_link,0.056447505950927734,99.9682126045227
1754048165.1694605,2.087111725831527,-2.219805726013175,0.0,0.0,0.0,-0.8438556308735711,0.5365702882595788,0.24218366842092037,0.0,0.0,0.0,0.0,0.6864538258905865,304.69,-115.09906542056135,1754048165.159551,2.0671095468776786,-5.356993540750544,0.0,1754048165.159551,map,base_link,0.04382896423339844,100.0120415687561
1754048165.2205565,2.083511065353182,-2.227747546292616,0.0,0.0,0.0,-0.8374424697260494,0.5465254887918174,0.2426810002479436,0.0,0.0,0.0,0.0,0.7225801972100738,305.02,-113.74205607476668,1754048165.196773,2.0754265123838476,-5.35437335945902,0.0,1754048165.196773,map,base_link,0.05109596252441406,100.06313753128052
1754048165.2748072,2.0786653526061882,-2.239373161957149,0.0,0.0,0.0,-0.8273005528876406,0.5617595528264777,0.2425615270067607,0.0,0.0,0.0,0.0,0.7566601858665706,305.54,-111.64485981308431,1754048165.2467935,2.0812377091175738,-5.352402572955042,0.0,1754048165.2218308,map,base_link,0.05425071716308594,100.1173882484436
1754048165.3191407,2.074546131965593,-2.2502453912251243,0.0,0.0,0.0,-0.818740174395787,0.5741641984923445,0.2429200329219193,0.0,0.0,0.0,0.0,0.6612376212772058,306.06,-109.91775700934593,1754048165.296806,2.09095351412555,-5.361314932139065,0.0,1754048165.296806,map,base_link,0.044333457946777344,100.16172170639038
1754048165.369258,2.069681480475174,-2.264622920256713,0.0,0.0,0.0,-0.8055515111742694,0.5925257486766722,0.24074841087476107,0.0,0.0,0.0,0.0,0.6793688851574509,306.79,-107.32710280373843,1754048165.3592474,2.1056292888794115,-5.357441973250651,0.0,1754048165.3592474,map,base_link,0.05011725425720215,100.21183896064758
1754048165.4243507,2.0670175178061148,-2.2736017844959595,0.0,0.0,0.0,-0.7971803424714173,0.6037412538307728,0.24415218654092574,0.0,0.0,0.0,0.0,0.7193176456923787,307.28,-105.72336448598152,1754048165.396928,2.114588087099599,-5.354711289347501,0.0,1754048165.396928,map,base_link,0.055092811584472656,100.26693177223206
1754048165.469224,2.0630482915931485,-2.289252797778069,0.0,0.0,0.0,-0.7813169027401343,0.6241345187478125,0.25349457543037274,0.0,0.0,0.0,0.0,0.7935508493901575,308.17,-102.76261682242998,1754048165.4592192,2.129832173370765,-5.349388995927958,0.0,1754048165.4592192,map,base_link,0.04487323760986328,100.31180500984192
1754048165.540882,2.0610601236112367,-2.2987353090369593,0.0,0.0,0.0,-0.7718216785944998,0.6358390491716978,0.25587150673224357,0.0,0.0,0.0,0.0,0.8079602929724083,308.74,-101.03551401869161,1754048165.4967315,2.1388383017966333,-5.345816814175016,0.0,1754048165.4967315,map,base_link,0.07165813446044922,100.38346314430237
1754048165.569048,2.0582170329453002,-2.315285789323855,0.0,0.0,0.0,-0.7579534832288379,0.6523086058463983,0.2637371820218865,0.0,0.0,0.0,0.0,0.7549811904729788,309.79,-98.56822429906556,1754048165.5592637,2.1558472543335103,-5.335118908339474,0.0,1754048165.5592637,map,base_link,0.028165817260742188,100.41162896156311
1754048165.619763,2.056953468592161,-2.32456592903377,0.0,0.0,0.0,-0.7487503267593675,0.6628521314574921,0.2592329272293016,0.0,0.0,0.0,0.0,0.6986487831083303,310.4,-96.96448598130831,1754048165.59822,2.1644986105217283,-5.331531203778806,0.0,1754048165.59822,map,base_link,0.050714969635009766,100.46234393119812
1754048165.673993,2.055320336279041,-2.3406302574157962,0.0,0.0,0.0,-0.7343059008402245,0.678818712169329,0.26102897791287,0.0,0.0,0.0,0.0,0.7025083969469421,311.49,-94.49719626168259,1754048165.6593144,2.1759877890093273,-5.326370026528426,0.0,1754048165.6467648,map,base_link,0.0542302131652832,100.5165741443634
1754048165.7197676,2.0546924145212433,-2.3499750156875665,0.0,0.0,0.0,-0.726215934572161,0.6874666656453117,0.25649267743307935,0.0,0.0,0.0,0.0,0.6814960369704034,312.16,-93.14018691588792,1754048165.6978178,2.187581769781727,-5.320672943850562,0.0,1754048165.6978178,map,base_link,0.04577445983886719,100.56234860420227
1754048165.7776241,2.0541280769957417,-2.3657892553272455,0.0,0.0,0.0,-0.7120031392894439,0.7021762810306089,0.25818007697327006,0.0,0.0,0.0,0.0,0.6872664822317699,313.31,-90.7962616822433,1754048165.7593799,2.201523403999296,-5.313186991167878,0.0,1754048165.7593799,map,base_link,0.05785655975341797,100.62020516395569
1754048165.8203387,2.0541033597169425,-2.3761238866655536,0.0,0.0,0.0,-0.702872774489798,0.711315585996127,0.2612976880636305,0.0,0.0,0.0,0.0,0.6730100303798745,314.09,-89.31588785046719,1754048165.7967868,2.207404586082615,-5.309809026041968,0.0,1754048165.7841625,map,base_link,0.042714595794677734,100.66291975975037
1754048165.8695884,2.054572810058969,-2.3919415060838567,0.0,0.0,0.0,-0.6897376577696913,0.724059364592697,0.2632587865841646,0.0,0.0,0.0,0.0,0.653836521484984,315.32,-87.21869158878516,1754048165.859506,2.2495165961683776,-5.294780962252123,0.0,1754048165.859506,map,base_link,0.04924964904785156,100.71216940879822
1754048165.921367,2.055155489400946,-2.4019363619011234,0.0,0.0,0.0,-0.682689963858571,0.7307081587383455,0.26326024406196136,0.0,0.0,0.0,0.0,0.6079074261897387,316.12,-86.10841121495342,1754048165.8967893,2.258451824969331,-5.290264509628864,0.0,1754048165.8967893,map,base_link,0.051778554916381836,100.7639479637146
1754048165.9761713,2.056522147183755,-2.417053026438473,0.0,0.0,0.0,-0.6659972664143157,0.7459541816550525,0.25299999290803876,0.0,0.0,0.0,0.0,0.642537511850066,317.36,-83.51775700934589,1754048165.9593146,2.2692464406040065,-5.28442647301562,0.0,1754048165.9468935,map,base_link,0.054804325103759766,100.81875228881836
1754048166.019827,2.0577402330339267,-2.426664906169682,0.0,0.0,0.0,-0.6563052028056183,0.7544955140822749,0.24920437267236037,0.0,0.0,0.0,0.0,0.6672214419742373,318.17,-82.03738317756978,1754048165.9982884,2.285720393525413,-5.261480098573212,0.0,1754048165.9982884,map,base_link,0.0436556339263916,100.86240792274475
1754048166.0707126,2.0604458588091976,-2.443566115957286,0.0,0.0,0.0,-0.6423876717409208,0.7663798530724036,0.2623396970480797,0.0,0.0,0.0,0.0,0.6425871172624017,319.63,-79.94018691588809,1754048166.0592463,2.300724952890355,-5.243642570572305,0.0,1754048166.0592463,map,base_link,0.050885677337646484,100.9132936000824
1754048166.1193526,2.0622107227552426,-2.4527640480825488,0.0,0.0,0.0,-0.6315994285584063,0.7752948870234438,0.2646251205568719,0.0,0.0,0.0,0.0,0.6586630745244784,320.45,-78.33644859813117,1754048166.097182,2.3091326176911204,-5.23951608626639,0.0,1754048166.097182,map,base_link,0.04864001274108887,100.96193361282349
1754048166.1694295,2.0657830398463144,-2.468179750381945,0.0,0.0,0.0,-0.6139118684469839,0.7893745738114024,0.25349369220331003,0.0,0.0,0.0,0.0,0.6897351137745341,321.86,-75.74579439252363,1754048166.1591747,2.3230619136072077,-5.232007421800265,0.0,1754048166.1591747,map,base_link,0.050076961517333984,101.01201057434082
1754048166.2248003,2.068587740310602,-2.478796270235031,0.0,0.0,0.0,-0.6070907227559292,0.794632527866613,0.2634469377396224,0.0,0.0,0.0,0.0,0.6547838750115995,322.85,-74.758878504673,1754048166.1968079,2.3325639803415887,-5.226504007745271,0.0,1754048166.1968079,map,base_link,0.05537080764770508,101.06738138198853
1754048166.2700205,2.072638686410162,-2.492415725413408,0.0,0.0,0.0,-0.5881019177548137,0.8087868287336969,0.25440604933827904,0.0,0.0,0.0,0.0,0.6677224285264559,324.16,-72.04485981308437,1754048166.2598853,2.3391525015963714,-5.219890493931579,0.0,1754048166.2598853,map,base_link,0.045220136642456055,101.11260151863098
1754048166.319359,2.075655570478326,-2.501282308264582,0.0,0.0,0.0,-0.5767255137369065,0.8169379914074882,0.24822309805179357,0.0,0.0,0.0,0.0,0.6892273664292464,325.03,-70.4411214953275,1754048166.2967188,2.3474010088769828,-5.215454278362067,0.0,1754048166.2967188,map,base_link,0.049338579177856445,101.16194009780884
1754048166.3754423,2.0810634339883314,-2.515464466638833,0.0,0.0,0.0,-0.5581106007415402,0.8297665679815722,0.2448368141578253,0.0,0.0,0.0,0.0,0.7408995164436716,326.47,-67.85046728971997,1754048166.3592267,2.357741474342748,-5.209466057751612,0.0,1754048166.3467352,map,base_link,0.05608320236206055,101.2180233001709
1754048166.4201202,2.0845986296879437,-2.5237875807853603,0.0,0.0,0.0,-0.5455415969307802,0.8380837464228824,0.24537194928869455,0.0,0.0,0.0,0.0,0.7415633883713376,327.34,-66.12336448598164,1754048166.3967183,2.368706687098802,-5.20290375964575,0.0,1754048166.3967183,map,base_link,0.0446779727935791,101.26270127296448
1754048166.4709477,2.091051903999141,-2.537525463534847,0.0,0.0,0.0,-0.5264566361420097,0.8502019820384094,0.24274274980395477,0.0,0.0,0.0,0.0,0.758552013371022,328.81,-63.532710280373756,1754048166.459198,2.375228022654341,-5.204196040757154,0.0,1754048166.459198,map,base_link,0.0508275032043457,101.31352877616882
1754048166.5369627,2.095172841312855,-2.545574826806303,0.0,0.0,0.0,-0.5172733862520972,0.8558202170288388,0.24254022364957423,0.0,0.0,0.0,0.0,0.6890231198497911,329.69,-62.299065420560886,1754048166.4967465,2.3829961029633995,-5.199566645361268,0.0,1754048166.4967465,map,base_link,0.06601500511169434,101.37954378128052
1754048166.5696285,2.1026470668435793,-2.559155433664082,0.0,0.0,0.0,-0.5005931814765422,0.8656826593268423,0.24284543159572883,0.0,0.0,0.0,0.0,0.6199448156846469,331.22,-60.07850467289705,1754048166.5592446,2.3960686444385497,-5.191235643663384,0.0,1754048166.5592446,map,base_link,0.03266572952270508,101.41220951080322
1754048166.6215897,2.1072418973129436,-2.566943992276576,0.0,0.0,0.0,-0.49124477504418396,0.8710215674664945,0.24292759852206017,0.0,0.0,0.0,0.0,0.5854396693216224,332.11,-58.84485981308451,1754048166.596697,2.4011549217490784,-5.187802824348209,0.0,1754048166.5845506,map,base_link,0.05196118354797363,101.4641706943512
1754048166.6700702,2.115303505432949,-2.5798050811121174,0.0,0.0,0.0,-0.4771157552430804,0.8788404611184131,0.24309569257083896,0.0,0.0,0.0,0.0,0.5522055527491585,333.62,-56.99439252336471,1754048166.6591816,2.4139357874732386,-5.1764514063114655,0.0,1754048166.6356404,map,base_link,0.04848051071166992,101.51265120506287
1754048166.7193315,2.1204643827399976,-2.587620861345974,0.0,0.0,0.0,-0.47047940979326736,0.8824109728242158,0.24202548421982187,0.0,0.0,0.0,0.0,0.4938590467563365,334.55,-56.130841121495536,1754048166.6987207,2.4347776644502925,-5.154177949891125,0.0,1754048166.6987207,map,base_link,0.04926133155822754,101.5619125366211
1754048166.769239,2.129493901636068,-2.6006165688269594,0.0,0.0,0.0,-0.4561691850473737,0.8898930692016962,0.25186934376190534,0.0,0.0,0.0,0.0,0.49147562341791745,336.12,-54.280373831776075,1754048166.7591696,2.447403431516468,-5.144638000708006,0.0,1754048166.7591696,map,base_link,0.04990744590759277,101.61181998252869
1754048166.819538,2.1350481579315046,-2.6081577245670506,0.0,0.0,0.0,-0.44559920720495455,0.8952325656153913,0.25218527207349506,0.0,0.0,0.0,0.0,0.5371895457330477,337.06,-52.92336448598175,1754048166.7968397,2.4547173880142537,-5.138787801289164,0.0,1754048166.7968397,map,base_link,0.05029916763305664,101.66211915016174
1754048166.8693895,2.144575475818634,-2.6203863272561185,0.0,0.0,0.0,-0.43205632811059086,0.9018466218485234,0.25077796981870965,0.0,0.0,0.0,0.0,0.5345576272118364,338.61,-51.196261682243055,1754048166.8591752,2.4806521721368284,-5.124035065858605,0.0,1754048166.8591752,map,base_link,0.049851417541503906,101.71197056770325
1754048166.9210901,2.1505118800874023,-2.6276305876658976,0.0,0.0,0.0,-0.4232981712406592,0.9059904294330672,0.2504075916506219,0.0,0.0,0.0,0.0,0.5345384421497482,339.55,-50.085981308411306,1754048166.896875,2.4918129151789885,-5.125170639795353,0.0,1754048166.896875,map,base_link,0.051700592041015625,101.76367115974426
1754048166.969243,2.1610588464012066,-2.6398579762130634,0.0,0.0,0.0,-0.4095956906486201,0.9122671594451265,0.2555017893641072,0.0,0.0,0.0,0.0,0.5005212424385259,341.16,-48.35887850467295,1754048166.9593458,2.5050943727355346,-5.115986391634424,0.0,1754048166.9593458,map,base_link,0.048152923583984375,101.81182408332825
1754048167.0193627,2.1677922106020273,-2.6472672164231477,0.0,0.0,0.0,-0.3987640274869072,0.9170535700723383,0.2545409890011401,0.0,0.0,0.0,0.0,0.5325188844640076,342.16,-47.00186915887864,1754048166.9982529,2.5131788078125434,-5.110080721186689,0.0,1754048166.9982529,map,base_link,0.050119638442993164,101.86194372177124
1754048167.069374,2.1787865043365366,-2.6586485771089796,0.0,0.0,0.0,-0.3819147376775832,0.9241975617500096,0.2561223023108755,0.0,0.0,0.0,0.0,0.5606329819624754,343.74,-44.9046728971966,1754048167.059443,2.525666710333991,-5.100361556798919,0.0,1754048167.059443,map,base_link,0.050011396408081055,101.91195511817932
1754048167.1191578,2.1857366607138395,-2.665398932020884,0.0,0.0,0.0,-0.36994377091588315,0.9290541460865113,0.2586480627226085,0.0,0.0,0.0,0.0,0.6345770625189603,344.7,-43.42429906542082,1754048167.096715,2.5331191068910677,-5.094170131223035,0.0,1754048167.096715,map,base_link,0.04978370666503906,101.96173882484436
1754048167.196879,2.197171027721901,-2.675865881999066,0.0,0.0,0.0,-0.3538867885645039,0.9352882661936384,0.2509402948952097,0.0,0.0,0.0,0.0,0.5985671508159729,346.23,-41.4504672897199,1754048167.159134,2.5460940023103484,-5.066075660367672,0.0,1754048167.146734,map,base_link,0.07772111892700195,102.03945994377136
1754048167.2193632,2.2040129904005314,-2.681778720488886,0.0,0.0,0.0,-0.34379755310643473,0.9390437915656693,0.2496967899641594,0.0,0.0,0.0,0.0,0.5899421466867805,347.13,-40.216822429906685,1754048167.1967235,2.5553511460642757,-5.053630976285694,0.0,1754048167.1967235,map,base_link,0.022484302520751953,102.06194424629211
1754048167.2692084,2.2155662510452423,-2.691117122724962,0.0,0.0,0.0,-0.3235007211699418,0.9462279236011415,0.24054947971336066,0.0,0.0,0.0,0.0,0.6373393822008248,348.58,-37.749532710280626,1754048167.2592332,2.5664018995915283,-5.043703014041242,0.0,1754048167.2592332,map,base_link,0.049845218658447266,102.11178946495056
1754048167.3264744,2.2235440952593364,-2.6971661678520307,0.0,0.0,0.0,-0.3143176549346704,0.9493178665738728,0.24890686737069542,0.0,0.0,0.0,0.0,0.6215225677644107,349.55,-36.63925233644852,1754048167.2967541,2.573638413871573,-5.036784213109839,0.0,1754048167.2967541,map,base_link,0.0572659969329834,102.16905546188354
1754048167.369149,2.237158489912946,-2.7069986889286177,0.0,0.0,0.0,-0.2999745536908065,0.9539472035380163,0.2604355284361064,0.0,0.0,0.0,0.0,0.5300453294360558,351.18,-34.912149532710856,1754048167.3597963,2.5855035733940137,-5.024899424427965,0.0,1754048167.3597963,map,base_link,0.04267454147338867,102.21173000335693
1754048167.4200363,2.2446292330487414,-2.7120939915988633,0.0,0.0,0.0,-0.28968757191072825,0.957121262265376,0.26422748750004643,0.0,0.0,0.0,0.0,0.5162856931628281,352.05,-33.67850467289732,1754048167.396685,2.591718053919098,-5.018330227817588,0.0,1754048167.396685,map,base_link,0.050887346267700195,102.26261734962463
1754048167.493444,2.258510967463803,-2.720957176529028,0.0,0.0,0.0,-0.2679770550771933,0.9634252944323991,0.2592359794146202,0.0,0.0,0.0,0.0,0.6449593151863826,353.62,-31.08785046729013,1754048167.4593408,2.608148735625912,-4.999880668067224,0.0,1754048167.4593408,map,base_link,0.07340764999389648,102.33602499961853
1754048167.519628,2.266043850860334,-2.725349318575998,0.0,0.0,0.0,-0.2544678671111269,0.9670812295810077,0.2496954394772697,0.0,0.0,0.0,0.0,0.7081086457878343,354.44,-29.484112149532905,1754048167.49761,2.6085429630836243,-4.992086471727157,0.0,1754048167.49761,map,base_link,0.02618408203125,102.36220908164978
1754048167.5692456,2.280517709535061,-2.733209835426965,0.0,0.0,0.0,-0.23672721263703733,0.9715761559430629,0.2526698786287783,0.0,0.0,0.0,0.0,0.6787708055698414,355.97,-27.386915887850524,1754048167.5591254,2.6201118497946227,-4.9803629410998935,0.0,1754048167.5591254,map,base_link,0.04961752891540527,102.41182661056519
1754048167.6194863,2.2883281919456477,-2.7370866041770614,0.0,0.0,0.0,-0.22100765490742946,0.9752720730505506,0.2545160978859097,0.0,0.0,0.0,0.0,0.7203603470297568,356.76,-25.536448598131056,1754048167.596742,2.626004093744612,-4.973935310691911,0.0,1754048167.596742,map,base_link,0.05024075508117676,102.46206736564636
1754048167.6699834,2.3021780752446603,-2.74329624933779,0.0,0.0,0.0,-0.1989043752478552,0.9800189026275261,0.2425137299122345,0.0,0.0,0.0,0.0,0.7573067236718185,358.13,-22.94579439252353,1754048167.6591802,2.6358137854105177,-4.962353043649648,0.0,1754048167.6591802,map,base_link,0.05049705505371094,102.51256442070007
1754048167.7412481,2.3102463794962795,-2.7466036793751547,0.0,0.0,0.0,-0.18728517828628083,0.9823055848330885,0.23762072774491397,0.0,0.0,0.0,0.0,0.7236838061151415,358.9,-21.58878504672921,1754048167.6967325,2.6412306170706428,-4.955519701735575,0.0,1754048167.6967325,map,base_link,0.07126474380493164,102.583829164505
1754048167.776472,2.326533972221993,-2.752837820930866,0.0,0.0,0.0,-0.1766994380756976,0.98426485692812,0.26016545765875715,0.0,0.0,0.0,0.0,0.4989476545460632,360.43,-20.355140186916003,1754048167.759568,2.661137358575818,-4.9311806864886965,0.0,1754048167.7217202,map,base_link,0.035223960876464844,102.61905312538147
1754048167.8325794,2.3359458505258424,-2.756251434041988,0.0,0.0,0.0,-0.16715472743592394,0.985930675603423,0.2661261194571484,0.0,0.0,0.0,0.0,0.4658018856442885,361.3,-19.2448598130846,1754048167.7967777,2.6844154186736153,-4.900390120755211,0.0,1754048167.7967777,map,base_link,0.056107282638549805,102.67516040802002
1754048167.8846376,2.350101958548897,-2.760754657845071,0.0,0.0,0.0,-0.14375897112731814,0.9896127314360982,0.26563392277626025,0.0,0.0,0.0,0.0,0.6074204397075196,362.56,-16.53084112149528,1754048167.8592236,2.691413421809408,-4.891513866572039,0.0,1754048167.8500028,map,base_link,0.05205821990966797,102.72721862792969
1754048167.9193265,2.360650584533769,-2.7638049659809054,0.0,0.0,0.0,-0.13736376216234214,0.9905206695695994,0.2635828679469055,0.0,0.0,0.0,0.0,0.625409985259847,363.47,-15.790654205607897,1754048167.8966684,2.6762806630528297,-4.88579615161037,0.0,1754048167.8966684,map,base_link,0.03468894958496094,102.76190757751465
1754048167.9691374,2.3772011426651205,-2.7681706952181466,0.0,0.0,0.0,-0.12348817105921946,0.9923460442851822,0.28371598459936254,0.0,0.0,0.0,0.0,0.4513751203261596,364.88,-14.186915887850667,1754048167.9592702,2.6872576750921855,-4.872662767700654,0.0,1754048167.9592702,map,base_link,0.04981088638305664,102.8117184638977
1754048168.0286286,2.389727872006215,-2.7713287943113403,0.0,0.0,0.0,-0.12135124986778467,0.9926096282806884,0.2975274091848322,0.0,0.0,0.0,0.0,0.3270473997930098,365.94,-13.940186915888093,1754048167.9967666,2.695433519996461,-4.862660363091326,0.0,1754048167.9967666,map,base_link,0.05949115753173828,102.87120962142944
1754048168.0691874,2.40422410592145,-2.7745717436794246,0.0,0.0,0.0,-0.09566715065008514,0.9954133795998996,0.28219719444468333,0.0,0.0,0.0,0.0,0.5002690218336064,367.13,-10.979439252336539,1754048168.0592396,2.7045220387646993,-4.85091062501218,0.0,1754048168.0592396,map,base_link,0.040558815002441406,102.91176843643188
1754048168.1191294,2.4131263097458344,-2.776160014688977,0.0,0.0,0.0,-0.080654166465895,0.9967421459092074,0.25847740918259493,0.0,0.0,0.0,0.0,0.688963635505268,367.83,-9.25233644859819,1754048168.0967422,2.709738215701476,-4.843523925079536,0.0,1754048168.0967422,map,base_link,0.0499420166015625,102.96171045303345
1754048168.1704466,2.4278433751749082,-2.7781791901076915,0.0,0.0,0.0,-0.057026632096477264,0.9983726574940507,0.23782713840467187,0.0,0.0,0.0,0.0,0.7913419773052544,368.95,-6.5383177570095485,1754048168.1592107,2.717812353249032,-4.831054867894715,0.0,1754048168.1592107,map,base_link,0.05131721496582031,103.01302766799927
1754048168.220242,2.4371607997825118,-2.779130554564606,0.0,0.0,0.0,-0.04520004055852893,0.9989779558796618,0.24325340869959558,0.0,0.0,0.0,0.0,0.7226689822661279,369.64,-5.181308411215228,1754048168.1967607,2.7226280419895934,-4.823021895991225,0.0,1754048168.1967607,map,base_link,0.04979538917541504,103.06282305717468
1754048168.2692819,2.4526178312172786,-2.7803073557342532,0.0,0.0,0.0,-0.027986859179023108,0.9996082911387307,0.24924690909265337,0.0,0.0,0.0,0.0,0.589392933603629,370.75,-3.207476635514305,1754048168.2592645,2.728738134336879,-4.79662694360801,0.0,1754048168.2592645,map,base_link,0.04903984069824219,103.11186289787292
1754048168.3189888,2.4616518611648313,-2.7807070628828368,0.0,0.0,0.0,-0.017224079927961523,0.9998516545321287,0.25117522391973696,0.0,0.0,0.0,0.0,0.5712056672374973,371.38,-1.9738317757011008,1754048168.2967548,2.733509337720211,-4.788945206748888,0.0,1754048168.2967548,map,base_link,0.04970693588256836,103.1615698337555
1754048168.3691561,2.478120286357609,-2.7809716333285235,0.0,0.0,0.0,0.001076558022253669,0.9999994205112445,0.2511282260553343,0.0,0.0,0.0,0.0,0.6051367092997059,372.49,0.12336448598161748,1754048168.3592026,2.7418022639842907,-4.774714732412824,0.0,1754048168.3592026,map,base_link,0.05016732215881348,103.2117371559143
1754048168.4197466,2.486839022378517,-2.780830827683712,0.0,0.0,0.0,0.015071244611354303,0.9998864223429903,0.2510764066637687,0.0,0.0,0.0,0.0,0.6374516919941393,373.06,1.7271028037381722,1754048168.3968115,2.7459478013801695,-4.767043311180011,0.0,1754048168.3968115,map,base_link,0.05059051513671875,103.26232767105103
1754048168.4721043,2.5032923824010345,-2.780077673357946,0.0,0.0,0.0,0.03121511720243116,0.9995126894932542,0.2501132138313348,0.0,0.0,0.0,0.0,0.6014035944584547,374.1,3.577570093457638,1754048168.4594026,2.7512736241824367,-4.741378373364779,0.0,1754048168.4594026,map,base_link,0.05235767364501953,103.31468534469604
1754048168.5201101,2.5123095391295713,-2.779396859491052,0.0,0.0,0.0,0.044124556633155156,0.9990260374494387,0.24996500004550576,0.0,0.0,0.0,0.0,0.6011439865862761,374.66,5.057943925233416,1754048168.4970765,2.7454673317020273,-4.719900104583191,0.0,1754048168.4970765,map,base_link,0.04800581932067871,103.36269116401672
1754048168.5690453,2.527723523549081,-2.777750596409219,0.0,0.0,0.0,0.06132531527430201,0.9981178315742623,0.24773475176797746,0.0,0.0,0.0,0.0,0.5850796324752775,375.57,7.031775700934676,1754048168.5592256,2.75274832620432,-4.706214776056734,0.0,1754048168.5592256,map,base_link,0.0489351749420166,103.41162633895874
1754048168.6274228,2.536687740749669,-2.7765601056093696,0.0,0.0,0.0,0.07206687367959573,0.9973998023451023,0.24277247312004202,0.0,0.0,0.0,0.0,0.5861375343166673,376.09,8.265420560747542,1754048168.596808,2.7556533517806114,-4.7004455954468085,0.0,1754048168.5846493,map,base_link,0.05837750434875488,103.4700038433075
1754048168.6703713,2.5500600934070974,-2.7742901348544025,0.0,0.0,0.0,0.09352368962144973,0.995617054634758,0.23013642393913109,0.0,0.0,0.0,0.0,0.6043968204906629,376.82,10.732710280373611,1754048168.6590993,2.7541485902154053,-4.682803503833435,0.0,1754048168.6590993,map,base_link,0.04294848442077637,103.51295232772827
1754048168.7191617,2.5579715691392124,-2.772678392551519,0.0,0.0,0.0,0.10530709349968559,0.9944397498383944,0.21712141640576013,0.0,0.0,0.0,0.0,0.6553084319720257,377.24,12.089719626168272,1754048168.696822,2.741282113449174,-4.671737603501173,0.0,1754048168.696822,map,base_link,0.04879045486450195,103.56174278259277
1754048168.769166,2.573420013653535,-2.7692453367889915,0.0,0.0,0.0,0.11279803847345135,0.9936179358871003,0.2419021425456212,0.0,0.0,0.0,0.0,0.4604117901544905,378.04,12.953271028037447,1754048168.7592576,2.7480154067202514,-4.657416183477084,0.0,1754048168.7592576,map,base_link,0.05000424385070801,103.61174702644348
1754048168.8193076,2.5819006832239983,-2.7672165733244527,0.0,0.0,0.0,0.1224197814043843,0.9924784114130154,0.24490267199175078,0.0,0.0,0.0,0.0,0.4129266450376196,378.47,14.063551401868855,1754048168.7968588,2.7515977291417957,-4.649466051174628,0.0,1754048168.7968588,map,base_link,0.05014157295227051,103.66188859939575
1754048168.8876657,2.595939126955092,-2.763457928651338,0.0,0.0,0.0,0.13843003553461242,0.9903722155138874,0.24236144834371837,0.0,0.0,0.0,0.0,0.4966936270366385,379.15,15.91401869158866,1754048168.8592606,2.757210997392189,-4.636060957675553,0.0,1754048168.8592606,map,base_link,0.06835818290710449,103.73024678230286
1754048168.9197042,2.604301352775869,-2.7609858198940023,0.0,0.0,0.0,0.1480191279742717,0.9889844982373264,0.23081721051608808,0.0,0.0,0.0,0.0,0.5365454703171519,379.54,17.024299065420074,1754048168.8968337,2.7603701335838786,-4.62793335034571,0.0,1754048168.8968337,map,base_link,0.03203845024108887,103.76228523254395
1754048168.969308,2.618441187302955,-2.756428664639558,0.0,0.0,0.0,0.16078281391946758,0.9869898108633837,0.23563342701944961,0.0,0.0,0.0,0.0,0.46588254900439185,380.19,18.504672897196187,1754048168.959242,2.7654137025936225,-4.61395962514051,0.0,1754048168.959242,map,base_link,0.04960370063781738,103.81188893318176
1754048169.0225763,2.62668815118912,-2.753595559395949,0.0,0.0,0.0,0.16821604214983843,0.9857501525049052,0.23438685025838843,0.0,0.0,0.0,0.0,0.43113986449619884,380.55,19.368224299065357,1754048168.998158,2.7557374064887092,-4.589562276082072,0.0,1754048168.998158,map,base_link,0.0532684326171875,103.86515736579895
1754048169.06929,2.6403245243925784,-2.7485693921473477,0.0,0.0,0.0,0.18199494477547914,0.9832994661221831,0.23257873750352442,0.0,0.0,0.0,0.0,0.4187747023182964,381.13,20.971962616822594,1754048169.059185,2.7609636308739995,-4.576001317044102,0.0,1754048169.059185,map,base_link,0.04671359062194824,103.9118709564209
1754048169.1274676,2.6493470373665216,-2.745038057105989,0.0,0.0,0.0,0.18834257871427817,0.9821033922369151,0.2419324290383491,0.0,0.0,0.0,0.0,0.41641996736598247,381.5,21.712149532710313,1754048169.0971994,2.764266999669143,-4.566892869199239,0.0,1754048169.0971994,map,base_link,0.05817770957946777,103.97004866600037
1754048169.169226,2.662473674833238,-2.73959555694767,0.0,0.0,0.0,0.2010140073969793,0.9795883670349537,0.2398803104206207,0.0,0.0,0.0,0.0,0.39497771146411226,382.02,23.192523364486092,1754048169.1591964,2.768035298215525,-4.5558938860983424,0.0,1754048169.1467645,map,base_link,0.04175829887390137,104.01180696487427
1754048169.2198067,2.6695681638984614,-2.736473492733349,0.0,0.0,0.0,0.21154799445472644,0.9773676104937092,0.2263642796199441,0.0,0.0,0.0,0.0,0.43271885258788745,382.29,24.42616822429896,1754048169.1967673,2.7711820690388036,-4.546049943859293,0.0,1754048169.1967673,map,base_link,0.050580739974975586,104.06238770484924
1754048169.2691798,2.6812338387563877,-2.730924799321369,0.0,0.0,0.0,0.22835087011065472,0.9735789028731605,0.21148436043839297,0.0,0.0,0.0,0.0,0.5163092578359321,382.71,26.39999999999988,1754048169.259247,2.774714891989286,-4.533624360151815,0.0,1754048169.259247,map,base_link,0.04937314987182617,104.11176085472107
1754048169.3194833,2.688446525355051,-2.727295869096388,0.0,0.0,0.0,0.23358810854541107,0.9723356393479452,0.20639265640196913,0.0,0.0,0.0,0.0,0.48187772791324324,382.96,27.016822429906487,1754048169.296899,2.7622548151131747,-4.52058228026625,0.0,1754048169.296899,map,base_link,0.05030345916748047,104.16206431388855
1754048169.3690944,2.6990419163937434,-2.7217703929676698,0.0,0.0,0.0,0.24299798034751116,0.9700267942418037,0.2047287616193511,0.0,0.0,0.0,0.0,0.36326152023981506,383.31,28.127102803738573,1754048169.3591568,2.7265627148154996,-4.496878859065988,0.0,1754048169.3591568,map,base_link,0.04961109161376953,104.21167540550232
1754048169.4246874,2.705293589145366,-2.718393815236148,0.0,0.0,0.0,0.24717287572269134,0.9689713976722817,0.19660946135475746,0.0,0.0,0.0,0.0,0.27651641685871287,383.51,28.62056074766304,1754048169.3968163,2.7285610556402333,-4.490060404452325,0.0,1754048169.3968163,map,base_link,0.055593013763427734,104.26726841926575
1754048169.4693534,2.717480103537878,-2.711733935370009,0.0,0.0,0.0,0.2482158864202863,0.9687047402220098,0.20478113205140466,0.0,0.0,0.0,0.0,0.15365866912672438,383.9,28.7439252336445,1754048169.459247,2.7324011368365846,-4.476714284818673,0.0,1754048169.459247,map,base_link,0.04466605186462402,104.31193447113037
1754048169.5264306,2.7245383402595618,-2.707813058308815,0.0,0.0,0.0,0.2534266005939813,0.9673546185920542,0.21548249480610587,0.0,0.0,0.0,0.0,0.15333177366256717,384.13,29.3607476635511,1754048169.4967096,2.7345800654189096,-4.468939694618447,0.0,1754048169.4967096,map,base_link,0.05707716941833496,104.3690116405487
1754048169.5692735,2.7357414808863414,-2.7013804709793825,0.0,0.0,0.0,0.2617484073623197,0.9651361412999149,0.21186752684676885,0.0,0.0,0.0,0.0,0.24025374783632886,384.47,30.347663551401745,1754048169.5593574,2.737889878039316,-4.456452353825789,0.0,1754048169.5593574,map,base_link,0.042842864990234375,104.41185450553894
1754048169.6193254,2.7429661211618686,-2.6971007065022516,0.0,0.0,0.0,0.26590206866155514,0.964000046619037,0.21529474159035294,0.0,0.0,0.0,0.0,0.2588408797261527,384.68,30.84112149532654,1754048169.5967908,2.7233364681768863,-4.4394268056075905,0.0,1754048169.5967908,map,base_link,0.05005192756652832,104.46190643310547
1754048169.6702597,2.755994266256441,-2.6893107609879308,0.0,0.0,0.0,0.26901408301705665,0.9631362432898537,0.22794835252013454,0.0,0.0,0.0,0.0,0.17306198917220772,385.07,31.211214953270584,1754048169.6591864,2.727426599794037,-4.424808781148871,0.0,1754048169.6591864,map,base_link,0.0509343147277832,104.51284074783325
1754048169.7192345,2.763717639924792,-2.6846068611861007,0.0,0.0,0.0,0.2710872023514495,0.962554792581318,0.24054755471865902,0.0,0.0,0.0,0.0,0.12120202205259878,385.3,31.457943925233153,1754048169.696731,2.7297922362715754,-4.416080611912269,0.0,1754048169.696731,map,base_link,0.04897475242614746,104.5618155002594
1754048169.7929993,2.776927765222334,-2.6764940400668946,0.0,0.0,0.0,0.2731590649503251,0.9619688795566435,0.2360427565552515,0.0,0.0,0.0,0.0,0.1183396332897884,385.68,31.704672897196062,1754048169.7619328,2.7337921702502395,-4.401103101937132,0.0,1754048169.7619328,map,base_link,0.07376480102539062,104.63558030128479
1754048169.8422256,2.7843317154426632,-2.6718873298965504,0.0,0.0,0.0,0.27626448146027666,0.9610816491243002,0.24787681576875262,0.0,0.0,0.0,0.0,0.12267778561835341,385.89,32.0747663551401,1754048169.7968454,2.7359929644854017,-4.392665284553878,0.0,1754048169.7968454,map,base_link,0.04922628402709961,104.68480658531189
1754048169.8692667,2.7968518532283992,-2.6638901476942722,0.0,0.0,0.0,0.2845314161714956,0.9586667164408302,0.23994027807593196,0.0,0.0,0.0,0.0,0.20674667857216117,386.25,33.061682242990386,1754048169.8593807,2.7188659514433597,-4.381218734211601,0.0,1754048169.8593807,map,base_link,0.027041196823120117,104.71184778213501
1754048169.919236,2.8044162633611616,-2.658934646494217,0.0,0.0,0.0,0.28659487613302526,0.9580518654928323,0.2383703830615007,0.0,0.0,0.0,0.0,0.20533872811942072,386.45,33.30841121495296,1754048169.8966913,2.7218217286402098,-4.3726723505341045,0.0,1754048169.8966913,map,base_link,0.04996919631958008,104.76181697845459
1754048169.976292,2.816782275011929,-2.650700928068826,0.0,0.0,0.0,0.29277724601832783,0.956180675507471,0.24084598306123053,0.0,0.0,0.0,0.0,0.18809174484655364,386.79,34.04859813084067,1754048169.95926,2.7265726139050406,-4.358596077857862,0.0,1754048169.95926,map,base_link,0.05705595016479492,104.81887292861938
1754048170.020984,2.8242460787676125,-2.6455952072862807,0.0,0.0,0.0,0.2968920554217466,0.9549110468663825,0.24105993277784452,0.0,0.0,0.0,0.0,0.19130111905536928,386.98,34.54205607476616,1754048169.9968467,2.729356932750165,-4.349992339148361,0.0,1754048169.9968467,map,base_link,0.044692039489746094,104.86356496810913
1754048170.0693083,2.8369684431253557,-2.636737151631573,0.0,0.0,0.0,0.3010013593736941,0.9536237107240928,0.24657331733527293,0.0,0.0,0.0,0.0,0.19129852016359522,387.31,35.03551401869164,1754048170.0591993,2.734008061933559,-4.335204144459608,0.0,1754048170.0591993,map,base_link,0.0483243465423584,104.91188931465149
1754048170.1294909,2.8448977805291,-2.6311691492309586,0.0,0.0,0.0,0.30305392298841827,0.9529734097871408,0.2528227789446835,0.0,0.0,0.0,0.0,0.144723862762829,387.51,35.28224299065422,1754048170.096862,2.7254158297404243,-4.3202323466674635,0.0,1754048170.096862,map,base_link,0.06018257141113281,104.97207188606262
1754048170.1691477,2.858013668531722,-2.621748981474927,0.0,0.0,0.0,0.30920314622129663,0.9509960117512857,0.2630796200082384,0.0,0.0,0.0,0.0,0.156696550043199,387.84,36.0224299065416,1754048170.1592085,2.7011155036588406,-4.290351129765501,0.0,1754048170.1592085,map,base_link,0.039656877517700195,105.01172876358032
1754048170.2205245,2.865323915659082,-2.616425664281014,0.0,0.0,0.0,0.30920314622129663,0.9509960117512857,0.25366726206289664,0.0,0.0,0.0,0.0,0.1382178978211598,388.02,36.0224299065416,1754048170.1967611,2.703614952870824,-4.281660320099722,0.0,1754048170.1967611,map,base_link,0.0513768196105957,105.06310558319092
1754048170.2826943,2.8781050709172105,-2.60709370395461,0.0,0.0,0.0,0.3102267694271338,0.9506625855322192,0.2544904591119096,0.0,0.0,0.0,0.0,0.054317798158653716,388.34,36.1457943925234,1754048170.2592297,2.7079697725441765,-4.266445887514886,0.0,1754048170.2592297,map,base_link,0.062169790267944336,105.12527537345886
1754048170.3191195,2.885649617589582,-2.6015437022092724,0.0,0.0,0.0,0.31329547702619914,0.9496556976477982,0.2509714206441229,0.0,0.0,0.0,0.0,0.051737955288112314,388.52,36.51588785046742,1754048170.2968748,2.7105148951138993,-4.2574322836313145,0.0,1754048170.2968748,map,base_link,0.036425113677978516,105.16170048713684
1754048170.3691406,2.8978003826066923,-2.592445729014451,0.0,0.0,0.0,0.31840271185715974,0.9479555438320969,0.24843662000933117,0.0,0.0,0.0,0.0,0.13816973555155973,388.82,37.132710280374035,1754048170.3592668,2.705545008301047,-4.263090980240732,0.0,1754048170.3592668,map,base_link,0.05002117156982422,105.21172165870667
1754048170.424923,2.905241040441044,-2.58675720831128,0.0,0.0,0.0,0.321462633966586,0.946922264477536,0.25102682072129145,0.0,0.0,0.0,0.0,0.17447590895746667,389.0,37.502803738317375,1754048170.3967342,2.7080177861858923,-4.254057264154285,0.0,1754048170.3967342,map,base_link,0.055782318115234375,105.2675039768219
1754048170.468977,2.9174914422241938,-2.5772571427888704,0.0,0.0,0.0,0.3255373086534841,0.9455291960984844,0.24544101593385456,0.0,0.0,0.0,0.0,0.15494738420811,389.28,37.99626168224321,1754048170.4592662,2.7120075661844902,-4.2390771024615175,0.0,1754048170.4592662,map,base_link,0.04405403137207031,105.31155800819397
1754048170.5266914,2.924853699499685,-2.57146750568568,0.0,0.0,0.0,0.32858935725292887,0.9444728870116427,0.24811016526359347,0.0,0.0,0.0,0.0,0.13774919516900028,389.45,38.36635514018656,1754048170.4967697,2.714356707182946,-4.230010445605402,0.0,1754048170.4967697,map,base_link,0.05771446228027344,105.36927247047424
1754048170.574642,2.936925055890889,-2.5617411204433487,0.0,0.0,0.0,0.33671131076059824,0.9416079296638702,0.2494920776096002,0.0,0.0,0.0,0.0,0.20542956788993436,389.72,39.353271028037184,1754048170.5592291,2.7180669229823704,-4.214958717673786,0.0,1754048170.5592291,map,base_link,0.04795050621032715,105.41722297668457
1754048170.6191552,2.943891975469423,-2.555975778333196,0.0,0.0,0.0,0.3407629593719114,0.9401492464072377,0.24934692808770995,0.0,0.0,0.0,0.0,0.23946513743036602,389.87,39.84672897196267,1754048170.5968418,2.7104805911923084,-4.216249345825067,0.0,1754048170.5968418,map,base_link,0.04451322555541992,105.46173620223999
1754048170.6689909,2.9554859703389647,-2.546178175777847,0.0,0.0,0.0,0.3458186252818566,0.938301379306333,0.2483742566257879,0.0,0.0,0.0,0.0,0.21000259252237882,390.1,40.463551401868926,1754048170.6592143,2.7138195918582455,-4.201441752927488,0.0,1754048170.6592143,map,base_link,0.0498356819152832,105.51157188415527
1754048170.7288902,2.9613646866468573,-2.541126268209532,0.0,0.0,0.0,0.3498559507199102,0.9368035086109935,0.23534912389222976,0.0,0.0,0.0,0.0,0.18901794356572532,390.22,40.957009345794084,1754048170.6967068,2.7154619358517986,-4.193866544566372,0.0,1754048170.6967068,map,base_link,0.059899330139160156,105.57147121429443
1754048170.7695997,2.9725541949101766,-2.5313533352599618,0.0,0.0,0.0,0.3518721852658697,0.9360480571189822,0.22732592454227704,0.0,0.0,0.0,0.0,0.13629113132741397,390.43,41.20373831775699,1754048170.759244,2.71849317319933,-4.1793225797096145,0.0,1754048170.759244,map,base_link,0.040709495544433594,105.61218070983887
1754048170.8194723,2.9791252645994084,-2.525620837060317,0.0,0.0,0.0,0.3508642713147927,0.9364263255135129,0.23253704128922897,0.0,0.0,0.0,0.0,0.06791293532366102,390.56,41.08037383177587,1754048170.7967334,2.720277306739379,-4.170786927421655,0.0,1754048170.7967334,map,base_link,0.049872636795043945,105.66205334663391
1754048170.8707488,2.9900573500842755,-2.516044176276715,0.0,0.0,0.0,0.3538867885645012,0.9352882661936394,0.23730415372128685,0.0,0.0,0.0,0.0,0.03433020392720554,390.78,41.45046728971956,1754048170.8594663,2.701678676019063,-4.156210778685779,0.0,1754048170.8594663,map,base_link,0.051276445388793945,105.7133297920227
1754048170.9191215,2.996827101810541,-2.510048531660401,0.0,0.0,0.0,0.3558997512762903,0.9345241393572853,0.23500696895065154,0.0,0.0,0.0,0.0,0.08622991449116714,390.91,41.69719626168214,1754048170.8967683,2.70333865290414,-4.147321359720435,0.0,1754048170.8967683,map,base_link,0.048372745513916016,105.76170253753662
1754048170.9695957,3.0080823457972166,-2.4998636075605085,0.0,0.0,0.0,0.3629320664858365,0.9318156014557388,0.2464072553291819,0.0,0.0,0.0,0.0,0.20083517345981589,391.13,42.560747663551304,1754048170.9592214,2.7059654042903496,-4.1323709960701684,0.0,1754048170.9592214,map,base_link,0.05047416687011719,105.81217670440674
1754048171.0191998,3.014965689590061,-2.4935120629473353,0.0,0.0,0.0,0.36593962968431937,0.9306385911977341,0.2491665761720773,0.0,0.0,0.0,0.0,0.21860937739877656,391.25,42.930841121494666,1754048170.9967813,2.707496434519311,-4.123130948062629,0.0,1754048170.9967813,map,base_link,0.049604177474975586,105.86178088188171
1754048171.0690737,3.026055771130347,-2.4831474308906047,0.0,0.0,0.0,0.3689433758435488,0.9294518736444431,0.25055971830332735,0.0,0.0,0.0,0.0,0.16663870167368788,391.45,43.30093457943902,1754048171.059631,2.7098824719461776,-4.1081402065319645,0.0,1754048171.059631,map,base_link,0.04987382888793945,105.91165471076965
1754048171.1217177,3.0328502765145524,-2.4767009279278462,0.0,0.0,0.0,0.3719432736320698,0.9282554611742714,0.24521580202405752,0.0,0.0,0.0,0.0,0.15575261516592223,391.56,43.67102803738305,1754048171.09699,2.7112850722333874,-4.098879784495191,0.0,1754048171.09699,map,base_link,0.05264401435852051,105.96429872512817
1754048171.1710331,3.0437785089437317,-2.466165862682498,0.0,0.0,0.0,0.3769344663742884,0.9262399300716475,0.24300058723038678,0.0,0.0,0.0,0.0,0.17134865711951905,391.75,44.28785046728965,1754048171.1596286,2.71343870689456,-4.08385394936046,0.0,1754048171.1596286,map,base_link,0.049315452575683594,106.01361417770386
1754048171.219778,3.0507002079534575,-2.4593859530920863,0.0,0.0,0.0,0.37892789355622186,0.9254261999127994,0.2503194537675603,0.0,0.0,0.0,0.0,0.15361089320611482,391.86,44.534579439252234,1754048171.1970375,2.719575400891163,-4.03516535970562,0.0,1754048171.1970375,map,base_link,0.048744916915893555,106.06235909461975
1754048171.2691402,3.061487052813034,-2.4487061219733386,0.0,0.0,0.0,0.3819147376775777,0.9241975617500119,0.24649194429608112,0.0,0.0,0.0,0.0,0.12192095180567056,392.03,44.904672897195915,1754048171.2593548,2.713311610841869,-4.040415695841517,0.0,1754048171.2593548,map,base_link,0.0493621826171875,106.11172127723694
1754048171.3192248,3.067652304110541,-2.442539261434275,0.0,0.0,0.0,0.3829094686615269,0.9237858728132549,0.23992076453475372,0.0,0.0,0.0,0.0,0.08657110060343895,392.13,45.02803738317703,1754048171.2968578,2.7148706482644824,-4.031836074941701,0.0,1754048171.2968578,map,base_link,0.050084590911865234,106.1618058681488
1754048171.3701108,3.0790505667812735,-2.431100320761123,0.0,0.0,0.0,0.38290946866152964,0.9237858728132538,0.24828698908084973,0.0,0.0,0.0,0.0,0.03348200251636522,392.31,45.02803738317737,1754048171.3591428,2.7177315230950447,-4.0159431472429175,0.0,1754048171.3591428,map,base_link,0.050885915756225586,106.21269178390503
1754048171.4196105,3.085451205223372,-2.424712109231782,0.0,0.0,0.0,0.3829094686615297,0.9237858728132538,0.24806183127893408,0.0,0.0,0.0,0.0,-0.0009670001657747507,392.42,45.02803738317738,1754048171.3968413,2.719358108170475,-4.0070475505792595,0.0,1754048171.3968413,map,base_link,0.0494997501373291,106.26219153404236
1754048171.4699023,3.0963499681889206,-2.4136875584044657,0.0,0.0,0.0,0.38688394324171693,0.9221284153856989,0.2459188806550264,0.0,0.0,0.0,0.0,0.05202256564845283,392.6,45.521495327102535,1754048171.4591732,2.7220441545385663,-3.9917796460068655,0.0,1754048171.4591732,map,base_link,0.05029177665710449,106.31248331069946
1754048171.5202107,3.10222044685737,-2.407683426214727,0.0,0.0,0.0,0.38886849479810964,0.9212932723912906,0.2435916501021477,0.0,0.0,0.0,0.0,0.12569885066480108,392.69,45.76822429906511,1754048171.4967754,2.7229687018341444,-3.9863676033792292,0.0,1754048171.4871485,map,base_link,0.0503084659576416,106.3627917766571
1754048171.576542,3.108989596054967,-2.4007512112734224,0.0,0.0,0.0,0.38688394324171693,0.9221284153856989,0.24923583909045152,0.0,0.0,0.0,0.0,0.0528693017575792,392.8,45.521495327102535,1754048171.5347793,2.696427123683397,-3.967812346332793,0.0,1754048171.5217862,map,base_link,0.05633115768432617,106.41912293434143
1754048171.620558,3.1196415717683244,-2.3899367932023363,0.0,0.0,0.0,0.38589099430369733,0.9225443840354262,0.2470741362918925,0.0,0.0,0.0,0.0,-0.03390564751438587,392.99,45.39813084112176,1754048171.5970476,2.7001438583223356,-3.9494526782614012,0.0,1754048171.5970476,map,base_link,0.044016122817993164,106.46313905715942
1754048171.6693528,3.1307753121775383,-2.378690317007303,0.0,0.0,0.0,0.3848975981266881,0.9229592834769617,0.24909224288242657,0.0,0.0,0.0,0.0,-0.03538397032349615,393.19,45.27476635514029,1754048171.6592836,2.7033307677209057,-3.9339514844109096,0.0,1754048171.6592836,map,base_link,0.04879474639892578,106.51193380355835
1754048171.7190762,3.1375935528083576,-2.371806365949623,0.0,0.0,0.0,0.38489759812668545,0.9229592834769628,0.2533125465824154,0.0,0.0,0.0,0.0,-0.03501622803683707,393.32,45.27476635513997,1754048171.696818,2.705284230600455,-3.9244614280231676,0.0,1754048171.696818,map,base_link,0.04972338676452637,106.56165719032288
1754048171.7693055,3.148541186567666,-2.3608303023108346,0.0,0.0,0.0,0.38091956406303656,0.9246081795625789,0.2590725358064295,0.0,0.0,0.0,0.0,-0.0651613833970954,393.53,44.78130841121481,1754048171.7591357,2.712555401772147,-3.9011033366721715,0.0,1754048171.7591357,map,base_link,0.05022931098937988,106.61188650131226
1754048171.823137,3.155200718431441,-2.3542444375346356,0.0,0.0,0.0,0.37992394897128434,0.9250177257750605,0.251663003269199,0.0,0.0,0.0,0.0,-0.08162446786031173,393.67,44.65794392523336,1754048171.7995462,2.7204461304561236,-3.8801347266271327,0.0,1754048171.7995462,map,base_link,0.05383157730102539,106.66571807861328
1754048171.8690934,3.1659954144332105,-2.3435724900896777,0.0,0.0,0.0,0.3809195640630367,0.9246081795625789,0.2517734429223938,0.0,0.0,0.0,0.0,-0.041237580726845136,393.9,44.78130841121482,1754048171.8593216,2.7236626946547866,-3.8652999823154013,0.0,1754048171.8593216,map,base_link,0.04595637321472168,106.711674451828
1754048171.9248571,3.172187164423497,-2.337432235654603,0.0,0.0,0.0,0.3799239489712871,0.9250177257750594,0.24229969281161273,0.0,0.0,0.0,0.0,-0.007454556432799887,394.04,44.65794392523371,1754048171.8967927,2.725497363600798,-3.856775049334538,0.0,1754048171.8967927,map,base_link,0.05576372146606445,106.76743817329407
1754048171.9691973,3.182798695884498,-2.3270346396270845,0.0,0.0,0.0,0.3759370969177574,0.9266451851496605,0.23680784953665007,0.0,0.0,0.0,0.0,-0.06418307194987236,394.28,44.16448598130855,1754048171.959791,2.728710275334047,-3.8422701604589333,0.0,1754048171.959791,map,base_link,0.04434013366699219,106.81177830696106
1754048172.0193627,3.189064900360517,-2.320970385844931,0.0,0.0,0.0,0.37493929175857993,0.9270493662667455,0.23697938927490006,0.0,0.0,0.0,0.0,-0.09937477696275208,394.42,44.04112149532675,1754048171.9968863,2.7306488177938695,-3.833768246227356,0.0,1754048171.9968863,map,base_link,0.050165414810180664,106.86194372177124
1754048172.0750682,3.2000153446719524,-2.3104583389198425,0.0,0.0,0.0,0.3719432736320699,0.9282554611742714,0.24080556264411426,0.0,0.0,0.0,0.0,-0.10140228186561881,394.69,43.67102803738307,1754048172.0592744,2.7174968812485965,-3.8379731712592404,0.0,1754048172.0467901,map,base_link,0.05570554733276367,106.917649269104
1754048172.1194367,3.205625767218641,-2.3051100188212725,0.0,0.0,0.0,0.3719432736320699,0.9282554611742714,0.23250464820096867,0.0,0.0,0.0,0.0,-0.04988745450738014,394.84,43.67102803738307,1754048172.0968978,2.7158632219854573,-3.831438366197574,0.0,1754048172.0968978,map,base_link,0.04436850547790527,106.96201777458191
1754048172.1706789,3.217104401800759,-2.2942158287112138,0.0,0.0,0.0,0.3689433758435517,0.9294518736444419,0.23805416785600103,0.0,0.0,0.0,0.0,-0.070007861649564,395.14,43.30093457943938,1754048172.1591797,2.7186697122873387,-3.825850048895675,0.0,1754048172.1591797,map,base_link,0.05124211311340332,107.01325988769531
1754048172.229369,3.223219816912327,-2.288461364328639,0.0,0.0,0.0,0.36894337584354897,0.929451873644443,0.23449040699251683,0.0,0.0,0.0,0.0,-0.05259274222046058,395.3,43.300934579439044,1754048172.1972716,2.7205083877677554,-3.8176566713994995,0.0,1754048172.1972716,map,base_link,0.05869007110595703,107.07194995880127
1754048172.2765255,3.2335320972134145,-2.2786840036388303,0.0,0.0,0.0,0.3709437372316986,0.9286553417757206,0.23585853881237712,0.0,0.0,0.0,0.0,0.015902253757858382,395.58,43.54766355140163,1754048172.259243,2.7223233071559294,-3.809458001338874,0.0,1754048172.2355802,map,base_link,0.047156572341918945,107.11910653114319
1754048172.3264303,3.2401047123958895,-2.2724728827686898,0.0,0.0,0.0,0.3689433758435518,0.9294518736444419,0.2304581139624687,0.0,0.0,0.0,0.0,0.016494551280583202,395.76,43.30093457943939,1754048172.2968624,2.7255288830013598,-3.794951476714296,0.0,1754048172.2968624,map,base_link,0.049904823303222656,107.16901135444641
1754048172.3703964,3.250458999090066,-2.262740021042368,0.0,0.0,0.0,0.368943375843549,0.929451873644443,0.23420198892288152,0.0,0.0,0.0,0.0,-0.03589077509880488,396.05,43.30093457943905,1754048172.3598027,2.728647791900067,-3.7810874131826155,0.0,1754048172.3598027,map,base_link,0.043966054916381836,107.2129774093628
1754048172.4252512,3.256329114452069,-2.257196179458377,0.0,0.0,0.0,0.3699437709158779,0.9290541460865134,0.2282946650689583,0.0,0.0,0.0,0.0,-0.0016859579724999266,396.21,43.424299065420165,1754048172.3968036,2.730401392720087,-3.7732059591266918,0.0,1754048172.3968036,map,base_link,0.0548548698425293,107.26783227920532
1754048172.4705906,3.2668785934384648,-2.2471995865116896,0.0,0.0,0.0,0.36894337584354914,0.929451873644443,0.2278244176581486,0.0,0.0,0.0,0.0,0.0002674592370039003,396.51,43.30093457943907,1754048172.459249,2.7335341114130145,-3.7590140793703966,0.0,1754048172.459249,map,base_link,0.045339345932006836,107.31317162513733
1754048172.5213199,3.2713465608699357,-2.242993349210707,0.0,0.0,0.0,0.3679425531741448,0.9298485239885536,0.23109655134911286,0.0,0.0,0.0,0.0,-0.0173601978111236,396.65,43.177570093457945,1754048172.4841707,2.7283128548711373,-3.7398993054299314,0.0,1754048172.4841707,map,base_link,0.05072927474975586,107.36390089988708
1754048172.5695715,3.2836344180750126,-2.2315453400897534,0.0,0.0,0.0,0.36593962968432514,0.9306385911977318,0.23228502147056435,0.0,0.0,0.0,0.0,-0.06931071036652098,397.01,42.93084112149538,1754048172.5592325,2.7277498524152257,-3.7264683259639457,0.0,1754048172.5592325,map,base_link,0.04825162887573242,107.41215252876282
1754048172.6207023,3.2897702838737515,-2.2258126902619284,0.0,0.0,0.0,0.36794255317414204,0.9298485239885547,0.22488696468045893,0.0,0.0,0.0,0.0,-0.017889079875499234,397.2,43.1775700934576,1754048172.5968776,2.729417151247231,-3.718238366197739,0.0,1754048172.5968776,map,base_link,0.05113077163696289,107.46328330039978
1754048172.6694276,3.3003708092589044,-2.2158702319208263,0.0,0.0,0.0,0.36694130406759323,0.9302440966591371,0.22993114264612435,0.0,0.0,0.0,0.0,0.016489322953131637,397.52,43.05420560747648,1754048172.6592464,2.7317011792800923,-3.7068380869952953,0.0,1754048172.6469672,map,base_link,0.04872536659240723,107.51200866699219
1754048172.7211237,3.306519003888155,-2.210150806604465,0.0,0.0,0.0,0.364937531185253,0.9310320071471294,0.2275355699950496,0.0,0.0,0.0,0.0,-0.034212697586474765,397.72,42.80747663551391,1754048172.6967053,2.7339602691274654,-3.6957622833151036,0.0,1754048172.6967053,map,base_link,0.051696062088012695,107.5637047290802
1754048172.778253,3.315984862791104,-2.2013593340824382,0.0,0.0,0.0,0.36694130406759323,0.9302440966591371,0.21558713125627613,0.0,0.0,0.0,0.0,-0.01939826590856244,398.02,43.05420560747648,1754048172.761758,2.7365628167292755,-3.68310846097336,0.0,1754048172.761758,map,base_link,0.0571293830871582,107.62083411216736
1754048172.8200529,3.321410609037338,-2.196285856110711,0.0,0.0,0.0,0.3679425531741448,0.9298485239885536,0.20753009676291626,0.0,0.0,0.0,0.0,0.0314570819981607,398.19,43.177570093457945,1754048172.7969224,2.7380346683356054,-3.675827488929253,0.0,1754048172.7969224,map,base_link,0.04179978370666504,107.66263389587402
1754048172.8701794,3.3303784151412406,-2.1879073658040826,0.0,0.0,0.0,0.36593962968432237,0.9306385911977328,0.2013692675910616,0.0,0.0,0.0,0.0,-0.0027122030668783074,398.48,42.93084112149503,1754048172.859331,2.740278588599679,-3.6553355664729454,0.0,1754048172.859331,map,base_link,0.05012655258178711,107.71276044845581
1754048172.919092,3.3358117516448447,-2.1828420229295684,0.0,0.0,0.0,0.3649375311852531,0.9310320071471294,0.20171024605027704,0.0,0.0,0.0,0.0,-0.03433705973072971,398.65,42.807476635513915,1754048172.8967855,2.741168341460175,-3.63636286753631,0.0,1754048172.8967855,map,base_link,0.04891252517700195,107.76167297363281
1754048172.9696317,3.3450786698655324,-2.1743111219912428,0.0,0.0,0.0,0.36192870260978094,0.9322057789067824,0.19769775049231114,0.0,0.0,0.0,0.0,-0.08392516891393234,398.96,42.437383177570226,1754048172.9599683,2.7392200392276544,-3.628527036094826,0.0,1754048172.9599683,map,base_link,0.05053973197937012,107.81221270561218
1754048173.0336335,3.3507991877166226,-2.169080722819814,0.0,0.0,0.0,0.36192870260978094,0.9322057789067824,0.20430131284870337,0.0,0.0,0.0,0.0,-0.08379976233463426,399.16,42.437383177570226,1754048172.9967752,2.7353783766974438,-3.6264554923870977,0.0,1754048172.9967752,map,base_link,0.06400179862976074,107.87621450424194
1754048173.0697312,3.360107439815016,-2.1605949461456952,0.0,0.0,0.0,0.35891609883218056,0.9333698270241483,0.1976675955908706,0.0,0.0,0.0,0.0,-0.06542765264023291,399.48,42.067289719626196,1754048173.059364,2.7379871029441025,-3.614132890784341,0.0,1754048173.059364,map,base_link,0.03609776496887207,107.91231226921082
1754048173.1192589,3.365634652945003,-2.1556322145536564,0.0,0.0,0.0,0.3558997512762906,0.9345241393572852,0.20167645167556056,0.0,0.0,0.0,0.0,-0.09988802454286097,399.68,41.697196261682166,1754048173.0967343,2.739797244860758,-3.6169151528147427,0.0,1754048173.0967343,map,base_link,0.049527645111083984,107.9618399143219
1754048173.171792,3.3746030523701753,-2.1477351144144885,0.0,0.0,0.0,0.3508642713147902,0.9364263255135138,0.19116916198451947,0.0,0.0,0.0,0.0,-0.16820615317187476,400.01,41.080373831775574,1754048173.161714,2.741694018964608,-3.607413635157992,0.0,1754048173.146744,map,base_link,0.05253314971923828,108.01437306404114
1754048173.2189941,3.379968972013572,-2.1430776556660436,0.0,0.0,0.0,0.3488472246498545,0.9371796059742732,0.19607390440672637,0.0,0.0,0.0,0.0,-0.15591502176276134,400.21,40.833644859813,1754048173.1967711,2.743594191741309,-3.598242369240558,0.0,1754048173.1967711,map,base_link,0.047202110290527344,108.06157517433167
1754048173.270937,3.3888094115303513,-2.1355259599680263,0.0,0.0,0.0,0.34278641875255994,0.9394133654141794,0.18541742630451524,0.0,0.0,0.0,0.0,-0.1704192608129227,400.56,40.09345794392494,1754048173.2607305,2.746051682592639,-3.5868782934980743,0.0,1754048173.2607305,map,base_link,0.05194282531738281,108.11351799964905
1754048173.3193445,3.39375972408266,-2.1313765558022997,0.0,0.0,0.0,0.340762959371909,0.9401492464072386,0.1838101768738289,0.0,0.0,0.0,0.0,-0.15411761466277588,400.75,39.84672897196237,1754048173.296814,2.7474758079263903,-3.5805778953892355,0.0,1754048173.296814,map,base_link,0.048407554626464844,108.16192555427551
1754048173.3689907,3.4022033240371057,-2.1243562050978118,0.0,0.0,0.0,0.3387379202452897,0.9408807689542261,0.17835988289003157,0.0,0.0,0.0,0.0,-0.11811770507152056,401.1,39.5999999999998,1754048173.359349,2.7499395308900647,-3.5698769714402023,0.0,1754048173.359349,map,base_link,0.04964613914489746,108.21157169342041
1754048173.4192843,3.407191838296048,-2.1202528120913806,0.0,0.0,0.0,0.33671131076060135,0.9416079296638691,0.17326302558899478,0.0,0.0,0.0,0.0,-0.08516545340859277,401.3,39.35327102803757,1754048173.396828,2.7215676764307757,-3.5536043141128877,0.0,1754048173.396828,map,base_link,0.050293684005737305,108.26186537742615
1754048173.4694152,3.41519480234099,-2.1137134087099656,0.0,0.0,0.0,0.33468314031301205,0.9423307251651198,0.17125807514577357,0.0,0.0,0.0,0.0,-0.10072151565133933,401.64,39.10654205607465,1754048173.45915,2.723690720101872,-3.543489774298338,0.0,1754048173.45915,map,base_link,0.05013084411621094,108.31199622154236
1754048173.5197947,3.4194616007093424,-2.1102580608288117,0.0,0.0,0.0,0.33366847266610433,0.9426904849146772,0.16071952764394207,0.0,0.0,0.0,0.0,-0.06686811926991773,401.82,38.983177570093204,1754048173.4967446,2.7248421834593493,-3.538121429168565,0.0,1754048173.4967446,map,base_link,0.05037951469421387,108.36237573623657
1754048173.5697079,3.4262576925176393,-2.1047942277485654,0.0,0.0,0.0,0.3306221541459982,0.9437632071594335,0.1462480386879165,0.0,0.0,0.0,0.0,-0.08571013716270441,402.11,38.6130841121495,1754048173.5602798,2.7263535421169367,-3.531178751127383,0.0,1754048173.546825,map,base_link,0.04991316795349121,108.41228890419006
1754048173.6196182,3.430302379294713,-2.101578123347328,0.0,0.0,0.0,0.3285893572529319,0.9444728870116416,0.14250657436148031,0.0,0.0,0.0,0.0,-0.08754433586634228,402.29,38.36635514018693,1754048173.5967534,2.727830002111255,-3.5245591013918585,0.0,1754048173.5967534,map,base_link,0.04991030693054199,108.4621992111206
1754048173.6819584,3.4366718103380482,-2.0966161249177304,0.0,0.0,0.0,0.321462633966589,0.946922264477535,0.13444047737584547,0.0,0.0,0.0,0.0,-0.17232399455716713,402.57,37.50280373831774,1754048173.6592686,2.7296720233413003,-3.516697928577374,0.0,1754048173.6592686,map,base_link,0.06234025955200195,108.52453947067261
1754048173.7191036,3.44078647389403,-2.093490068146533,0.0,0.0,0.0,0.3173819982009149,0.9482977734962761,0.1345056661854504,0.0,0.0,0.0,0.0,-0.20554926270794582,402.76,37.00934579439226,1754048173.6968148,2.7374671876304153,-3.5087265038461197,0.0,1754048173.6968148,map,base_link,0.037145137786865234,108.56168460845947
1754048173.7689996,3.447269989428099,-2.0886780555375775,0.0,0.0,0.0,0.310226769427134,0.9506625855322192,0.1342685519720371,0.0,0.0,0.0,0.0,-0.240660275704969,403.07,36.14579439252343,1754048173.7593148,2.7533882216357757,-3.4939377982146107,0.0,1754048173.7593148,map,base_link,0.0498960018157959,108.61158061027527
1754048173.8198683,3.4514493767712127,-2.0856390523983035,0.0,0.0,0.0,0.30817916465597534,0.9513283357873585,0.13286401774226167,0.0,0.0,0.0,0.0,-0.19124717617502124,403.27,35.89906542056085,1754048173.7968519,2.754558144484883,-3.488904499180038,0.0,1754048173.7968519,map,base_link,0.05086874961853027,108.6624493598938
1754048173.8691826,3.458015239016508,-2.080939976464228,0.0,0.0,0.0,0.30305392298841854,0.9529734097871407,0.13437132355133513,0.0,0.0,0.0,0.0,-0.17187630966551812,403.59,35.282242990654254,1754048173.8592365,2.7564453546371914,-3.4810540024123533,0.0,1754048173.8592365,map,base_link,0.049314260482788086,108.71176362037659
1754048173.9209146,3.461978904587114,-2.078154555399216,0.0,0.0,0.0,0.2999745536907984,0.9539472035380188,0.13176796615286043,0.0,0.0,0.0,0.0,-0.1546593570232296,403.78,34.91214953270988,1754048173.89692,2.7576182091384105,-3.4763536165150053,0.0,1754048173.89692,map,base_link,0.05173206329345703,108.76349568367004
1754048173.9690285,3.4686247300759794,-2.0735692674878665,0.0,0.0,0.0,0.2948353341348844,0.9555480761037464,0.12955676057128201,0.0,0.0,0.0,0.0,-0.17274234742850705,404.12,34.29532710280362,1754048173.959179,2.7666989888286655,-3.462330759692647,0.0,1754048173.959179,map,base_link,0.04811382293701172,108.81160950660706
1754048174.0190907,3.4723710991638854,-2.071037683608665,0.0,0.0,0.0,0.2907178006131924,0.9568088421448812,0.12665213857256363,0.0,0.0,0.0,0.0,-0.1897086811813574,404.31,33.80186915887814,1754048173.9968572,2.7764281264132906,-3.4492942877026884,0.0,1754048173.9968572,map,base_link,0.05006217956542969,108.86167168617249
1754048174.071141,3.476950209539403,-2.068008422249734,0.0,0.0,0.0,0.28556331163299015,0.9583598463255855,0.11815100648270627,0.0,0.0,0.0,0.0,-0.2059736779293364,404.55,33.18504672897188,1754048174.0473902,2.7777211934920025,-3.4439583104030893,0.0,1754048174.0473902,map,base_link,0.05205035209655762,108.91372203826904
1754048174.1220863,3.481827624482024,-2.0648451376934416,0.0,0.0,0.0,0.28143375597962733,0.9595806589313894,0.11339088036952416,0.0,0.0,0.0,0.0,-0.20716203373469902,404.81,32.691588785046726,1754048174.09702,2.7791415916242466,-3.4383211112002496,0.0,1754048174.09702,map,base_link,0.050945281982421875,108.96466732025146
1754048174.1800022,3.4872850215527125,-2.0613897795070875,0.0,0.0,0.0,0.2752296612087121,0.9613785069320707,0.11084357953970703,0.0,0.0,0.0,0.0,-0.18984478922349618,405.1,31.951401869158666,1754048174.1592693,2.780788116915465,-3.4320751815297728,0.0,1754048174.1592693,map,base_link,0.05791592597961426,109.02258324623108
1754048174.2200615,3.49085794427494,-2.059184738296588,0.0,0.0,0.0,0.2721232913432779,0.962262393689217,0.10862930697255124,0.0,0.0,0.0,0.0,-0.2071469264345931,405.29,31.581308411214984,1754048174.1968184,2.7815591710746554,-3.4292726125334756,0.0,1754048174.1845968,map,base_link,0.04005932807922363,109.0626425743103
1754048174.269104,3.4963944998301226,-2.0558578433569443,0.0,0.0,0.0,0.26174840736232,0.9651361412999148,0.10597152077972911,0.0,0.0,0.0,0.0,-0.25808396786066745,405.6,30.347663551401784,1754048174.2591865,2.783696944409603,-3.421822199784679,0.0,1754048174.2591865,map,base_link,0.049042463302612305,109.11168503761292
1754048174.3201065,3.500032240008,-2.0537614983749353,0.0,0.0,0.0,0.2544678671111273,0.9670812295810076,0.1081216074317222,0.0,0.0,0.0,0.0,-0.3060846746040648,405.81,29.48411214953295,1754048174.2974806,2.7849352860385075,-3.4178104263743956,0.0,1754048174.2974806,map,base_link,0.05100250244140625,109.16268754005432
1754048174.3752697,3.505975164736848,-2.050493590403741,0.0,0.0,0.0,0.24299798034750592,0.970026794241805,0.1061884008990048,0.0,0.0,0.0,0.0,-0.39455656662115546,406.16,28.12710280373795,1754048174.3592339,2.7870651097248107,-3.4113713714820837,0.0,1754048174.3592339,map,base_link,0.05516314506530762,109.21785068511963
1754048174.420603,3.509119141954036,-2.048839365765394,0.0,0.0,0.0,0.2377730335611865,0.9713207423457562,0.1041940407285541,0.0,0.0,0.0,0.0,-0.3357509205132992,406.35,27.510280373831687,1754048174.396843,2.7882426161257508,-3.408019576355281,0.0,1754048174.396843,map,base_link,0.0453333854675293,109.26318407058716
1754048174.4719093,3.514877000007779,-2.0459120469800367,0.0,0.0,0.0,0.22939885196207735,0.9733325057340276,0.10124166841954063,0.0,0.0,0.0,0.0,-0.2872609227187158,406.7,26.5233644859814,1754048174.4592457,2.7811121093693147,-3.4122500083903873,0.0,1754048174.4500403,map,base_link,0.05130624771118164,109.31449031829834
1754048174.5192144,3.5183545763049446,-2.0442012900422775,0.0,0.0,0.0,0.22520534149513505,0.9743113230184999,0.10360836903590775,0.0,0.0,0.0,0.0,-0.2702352622010678,406.91,26.029906542055915,1754048174.4970863,2.781942247108752,-3.408274808727626,0.0,1754048174.4970863,map,base_link,0.04730510711669922,109.36179542541504
1754048174.5692172,3.5241876152104714,-2.041426847553499,0.0,0.0,0.0,0.21680587003922427,0.9762147380144058,0.1027521044676254,0.0,0.0,0.0,0.0,-0.24475118023739822,407.28,25.04299065420528,1754048174.5602815,2.8042468758060117,-3.3835171238418207,0.0,1754048174.5468307,map,base_link,0.0500028133392334,109.41179823875427
1754048174.618902,3.5277093794394263,-2.0398090348906424,0.0,0.0,0.0,0.21049567892327928,0.9775947878106899,0.1042140200379067,0.0,0.0,0.0,0.0,-0.2818752214176687,407.5,24.3028037383179,1754048174.5967162,2.8058388533696066,-3.3786010314460464,0.0,1754048174.5967162,map,base_link,0.049684762954711914,109.46148300170898
1754048174.6692913,3.533328027082376,-2.0373423620626236,0.0,0.0,0.0,0.19890437524785268,0.9800189026275266,0.10088756472448863,0.0,0.0,0.0,0.0,-0.33161640351548494,407.86,22.945794392523236,1754048174.6593306,2.808630526385122,-3.3767818906670692,0.0,1754048174.6593306,map,base_link,0.05038928985595703,109.51187229156494
1754048174.7410727,3.536904244340451,-2.0358487278265844,0.0,0.0,0.0,0.19468235442636653,0.9808663420033367,0.10181630866027488,0.0,0.0,0.0,0.0,-0.33258390321813164,408.1,22.452336448597755,1754048174.697395,2.809875144451045,-3.3793555740632852,0.0,1754048174.697395,map,base_link,0.07178139686584473,109.58365368843079
1754048174.7714496,3.542598345385448,-2.0335615364508706,0.0,0.0,0.0,0.18516972747810312,0.9827065543821741,0.0976664960391573,0.0,0.0,0.0,0.0,-0.31019052165049454,408.48,21.342056074766006,1754048174.7600043,2.8118754611144885,-3.373554473793015,0.0,1754048174.7600043,map,base_link,0.030376911163330078,109.61403059959412
1754048174.8194597,3.545612808937208,-2.032402360873929,0.0,0.0,0.0,0.1788182637218812,0.9838821212724072,0.09573108503172376,0.0,0.0,0.0,0.0,-0.29532828418481755,408.68,20.601869158878287,1754048174.7967966,2.8129734775805666,-3.3705171989678986,0.0,1754048174.7967966,map,base_link,0.04801011085510254,109.66204071044922
1754048174.8692508,3.551675704868058,-2.0301745010166847,0.0,0.0,0.0,0.17033808547203355,0.9853856791316394,0.09560909973481416,0.0,0.0,0.0,0.0,-0.2943480689790168,409.1,19.614953271028003,1754048174.8591526,2.8147935833361664,-3.36568091371414,0.0,1754048174.846769,map,base_link,0.04979109764099121,109.71183180809021
1754048174.9196079,3.5550310586194955,-2.029007147726079,0.0,0.0,0.0,0.162907543598301,0.9866413392103371,0.09628506036110782,0.0,0.0,0.0,0.0,-0.32896771217070336,409.33,18.751401869158826,1754048174.8967836,2.8177776809126653,-3.3609155418183434,0.0,1754048174.8967836,map,base_link,0.05035710334777832,109.76218891143799
1754048174.969239,3.5608623657257734,-2.0270969207199276,0.0,0.0,0.0,0.15121244864661967,0.9885012874924815,0.09835962088356928,0.0,0.0,0.0,0.0,-0.37731186365362035,409.74,17.39439252336451,1754048174.9592679,2.8197121988592353,-3.355708386705733,0.0,1754048174.9592679,map,base_link,0.04963111877441406,109.8118200302124
1754048175.0191348,3.5648743888040353,-2.0258593707603394,0.0,0.0,0.0,0.14588938771573495,0.9893009079910561,0.10366576409668005,0.0,0.0,0.0,0.0,-0.34471338762922404,410.03,16.77757009345757,1754048174.9968214,2.8212145595995883,-3.3517878291830288,0.0,1754048174.9968214,map,base_link,0.0498957633972168,109.86171579360962
1754048175.0690918,3.5710770513473302,-2.024056869950359,0.0,0.0,0.0,0.13736376216233387,0.9905206695696005,0.10334850515255789,0.0,0.0,0.0,0.0,-0.31027283540652506,410.48,15.790654205606936,1754048175.059243,2.823624398006343,-3.345794940843563,0.0,1754048175.059243,map,base_link,0.0499570369720459,109.91167283058167
1754048175.1267219,3.57512436552527,-2.0229401304874486,0.0,0.0,0.0,0.13203003200046162,0.9912457165859316,0.10571127058618916,0.0,0.0,0.0,0.0,-0.2933638005408751,410.78,15.173831775701016,1754048175.0973117,2.836215608293942,-3.342228723016962,0.0,1754048175.0973117,map,base_link,0.057630062103271484,109.96930289268494
1754048175.1697981,3.580119570129957,-2.021617114806886,0.0,0.0,0.0,0.12562451977076805,0.9920778598640149,0.10575659898605809,0.0,0.0,0.0,0.0,-0.2591096301410275,411.15,14.4336448598133,1754048175.1467285,2.838040118341538,-3.3373940976312753,0.0,1754048175.1467285,map,base_link,0.043076276779174805,110.01237916946411
1754048175.219381,3.5854473289085713,-2.0202907207410004,0.0,0.0,0.0,0.11814481635217775,0.9929963758086483,0.10891411011714384,0.0,0.0,0.0,0.0,-0.27458145948100193,411.55,13.570093457943443,1754048175.19739,2.840055042115691,-3.332286807057452,0.0,1754048175.19739,map,base_link,0.04958295822143555,110.06196212768555
1754048175.2689357,3.5926878872076418,-2.018632103471479,0.0,0.0,0.0,0.10637760456574179,0.9943258043754344,0.11533412389851327,0.0,0.0,0.0,0.0,-0.3474236813033749,412.1,12.213084112149463,1754048175.25919,2.8429105801991845,-3.3254295045278335,0.0,1754048175.25919,map,base_link,0.04955458641052246,110.11151671409607
1754048175.3195844,3.5967976949118325,-2.0177734983760995,0.0,0.0,0.0,0.09888150751798837,0.9950992148881286,0.1141497901513128,0.0,0.0,0.0,0.0,-0.3829270785301786,412.41,11.349532710280627,1754048175.2968416,2.8451039835530567,-3.321748662978826,0.0,1754048175.2968416,map,base_link,0.05064868927001953,110.16216540336609
1754048175.3881965,3.604093497268353,-2.016377534270938,0.0,0.0,0.0,0.0892354768012259,0.9960105570123531,0.11682841913035132,0.0,0.0,0.0,0.0,-0.36426232257818236,412.98,10.239252336448542,1754048175.3593838,2.8474996534294315,-3.316099292664826,0.0,1754048175.3467839,map,base_link,0.06861209869384766,110.23077750205994
1754048175.4194896,3.608547621099094,-2.015599812263171,0.0,0.0,0.0,0.08280007977616582,0.9965661778271729,0.11889192661674024,0.0,0.0,0.0,0.0,-0.3441109097305686,413.33,9.499065420560823,1754048175.3968086,2.849855286495371,-3.31078459452437,0.0,1754048175.3968086,map,base_link,0.03129315376281738,110.26207065582275
1754048175.4693274,3.615249815975242,-2.01456120215331,0.0,0.0,0.0,0.070993073159046,0.9974768085341305,0.11101496080743697,0.0,0.0,0.0,0.0,-0.36204091237399794,413.87,8.142056074766161,1754048175.4592528,2.852732478232327,-3.304642942073526,0.0,1754048175.4592528,map,base_link,0.04983782768249512,110.31190848350525
1754048175.5192208,3.61877029846542,-2.0140845710155277,0.0,0.0,0.0,0.06347423539712883,0.997983477538957,0.1033151648129808,0.0,0.0,0.0,0.0,-0.3798279779372603,414.15,7.278504672897325,1754048175.4968102,2.8582795448049145,-3.301142871581401,0.0,1754048175.4968102,map,base_link,0.04989337921142578,110.36180186271667
1754048175.5690653,3.6242246050836373,-2.0134569863174074,0.0,0.0,0.0,0.051651800386475884,0.9986651548526341,0.09429316605716068,0.0,0.0,0.0,0.0,-0.39387991017657714,414.6,5.9214953271030035,1754048175.5603936,2.867538731500298,-3.2968219417637696,0.0,1754048175.5603936,map,base_link,0.04984450340270996,110.41164636611938
1754048175.6203592,3.6274397649528507,-2.013151476774808,0.0,0.0,0.0,0.043049021568416314,0.9990729611705054,0.0866967338268098,0.0,0.0,0.0,0.0,-0.4142828347077033,414.86,4.934579439252034,1754048175.5977182,2.8689485847810716,-3.2939162744063615,0.0,1754048175.5977182,map,base_link,0.05129384994506836,110.46294021606445
1754048175.6689286,3.6325929471206893,-2.0127693743890243,0.0,0.0,0.0,0.03013906570940549,0.9995457151717295,0.08792883594354307,0.0,0.0,0.0,0.0,-0.41646209030861436,415.29,3.454205607476257,1754048175.6591682,2.871300159975956,-3.289315037312823,0.0,1754048175.6591682,map,base_link,0.048569440841674805,110.51150965690613
1754048175.7213295,3.6358178772241136,-2.012594918896784,0.0,0.0,0.0,0.023682066862704607,0.9997195405257968,0.08509556364490482,0.0,0.0,0.0,0.0,-0.3961131322781083,415.57,2.714018691588538,1754048175.6971781,2.8765366810745507,-3.283220641666753,0.0,1754048175.6971781,map,base_link,0.052400827407836914,110.56391048431396
1754048175.7736802,3.6393675540166996,-2.0124506672940807,0.0,0.0,0.0,0.016147671627052627,0.99986961785076,0.07743243165430386,0.0,0.0,0.0,0.0,-0.34430034940893417,415.87,1.8504672897197025,1754048175.7467797,2.8851493997906874,-3.2735912442239603,0.0,1754048175.7467797,map,base_link,0.052350759506225586,110.61626124382019
1754048175.8202436,3.642596321922782,-2.0123755731067665,0.0,0.0,0.0,0.0075358362843721645,0.9999716051826147,0.07211336336460664,0.0,0.0,0.0,0.0,-0.34240434690200156,416.15,0.8635514018690714,1754048175.797414,2.8866745296398086,-3.270744393284477,0.0,1754048175.797414,map,base_link,0.04656338691711426,110.6628246307373
1754048175.869223,3.646148868509097,-2.0123543641565025,0.0,0.0,0.0,-9.02923569245928e-16,1.0,0.05956920912842064,0.0,0.0,0.0,0.0,-0.2930825375277683,416.46,-1.0346741948136003e-13,1754048175.8592386,2.899776286903916,-3.2682688076112747,0.0,1754048175.8592386,map,base_link,0.04897952079772949,110.71180415153503
1754048175.9192686,3.6477636931278137,-2.012360274922903,0.0,0.0,0.0,-0.003229669075930023,0.9999947846052298,0.056935189074987604,0.0,0.0,0.0,0.0,-0.24106347039416223,416.6,-0.37009345794413256,1754048175.897282,2.900502409445301,-3.266826434725622,0.0,1754048175.897282,map,base_link,0.05004549026489258,110.76184964179993
1754048175.9691038,3.65067020695751,-2.0123926095801634,0.0,0.0,0.0,-0.008612359371022437,0.9999629129453074,0.046156797419344746,0.0,0.0,0.0,0.0,-0.17190133537544558,416.86,-0.9869158878503955,1754048175.9594457,2.9018287677434946,-3.264240000532164,0.0,1754048175.9594457,map,base_link,0.049835205078125,110.81168484687805
1754048176.0195627,3.6519618337881337,-2.012417641920437,0.0,0.0,0.0,-0.010765374352075358,0.9999420516785259,0.04102827420777566,0.0,0.0,0.0,0.0,-0.13792814901906644,416.97,-1.2336448598129686,1754048175.9968004,2.9024277304380606,-3.263095373877676,0.0,1754048175.9968004,map,base_link,0.05045890808105469,110.8621437549591
1754048176.0692632,3.6548676429579956,-2.012489606899987,0.0,0.0,0.0,-0.013994800128425515,0.9999020679893433,0.043900379603779106,0.0,0.0,0.0,0.0,-0.12024995216249919,417.23,-1.603738317756997,1754048176.0592413,2.903789237026074,-3.260527260620685,0.0,1754048176.0592413,map,base_link,0.04970049858093262,110.91184425354004
1754048176.1253328,3.656158925458498,-2.012528542636033,0.0,0.0,0.0,-0.016147671627051472,0.99986961785076,0.041322186007398315,0.0,0.0,0.0,0.0,-0.10232524329107555,417.35,-1.8504672897195702,1754048176.097304,2.9150072178325828,-3.2696883299438886,0.0,1754048176.097304,map,base_link,0.05606961250305176,110.96791386604309
1754048176.1716337,3.6584183915187927,-2.0126053680416436,0.0,0.0,0.0,-0.017224079927960875,0.9998516545321287,0.03624275439766475,0.0,0.0,0.0,0.0,-0.06915306039141064,417.55,-1.9738317757010264,1754048176.1593525,2.916042703069173,-3.2676786385881385,0.0,1754048176.1593525,map,base_link,0.04630088806152344,111.01421475410461
1754048176.2193468,3.6593866823644783,-2.012639782430113,0.0,0.0,0.0,-0.01830046826654899,0.9998325324079154,0.03370758433668759,0.0,0.0,0.0,0.0,-0.05165570467760786,417.63,-2.0971962616824826,1754048176.1967506,2.9164878065672295,-3.266818025790192,0.0,1754048176.1967506,map,base_link,0.04771304130554199,111.06192779541016
1754048176.276441,3.6613230025984373,-2.012715560147485,0.0,0.0,0.0,-0.02045318006674348,0.999790811832734,0.031092548139723876,0.0,0.0,0.0,0.0,-0.06863828867654748,417.81,-2.343925233645056,1754048176.2591753,2.9173841835601304,-3.265100007572161,0.0,1754048176.2591753,map,base_link,0.05709433555603027,111.11902213096619
1754048176.3191168,3.6619683382311696,-2.012743366993083,0.0,0.0,0.0,-0.02260579704786253,0.9997444563186288,0.025905915624017017,0.0,0.0,0.0,0.0,-0.06848027161547579,417.87,-2.5906542056076285,1754048176.2967846,2.917685234250057,-3.2645285184807245,0.0,1754048176.2967846,map,base_link,0.04267573356628418,111.16169786453247
1754048176.3690648,3.663581101090875,-2.012825039661044,0.0,0.0,0.0,-0.02798685917902246,0.9996082911387307,0.025804726369219398,0.0,0.0,0.0,0.0,-0.13740676799524262,418.01,-3.2074766355142303,1754048176.3595119,2.9184486031281978,-3.263105513764561,0.0,1754048176.3595119,map,base_link,0.04994797706604004,111.21164584159851
1754048176.419177,3.6645483038717455,-2.012882375437621,0.0,0.0,0.0,-0.031215117202433616,0.9995126894932542,0.02583155010383049,0.0,0.0,0.0,0.0,-0.17221033402580715,418.1,-3.5775700934579207,1754048176.3968036,2.9187582326773818,-3.2625386267901053,0.0,1754048176.3842325,map,base_link,0.050112247467041016,111.26175808906555
1754048176.4694388,3.6664814975154467,-2.0130157831213227,0.0,0.0,0.0,-0.03767062278442402,0.9992902101887288,0.03113750422509292,0.0,0.0,0.0,0.0,-0.20758336150089002,418.27,-4.3177570093459785,1754048176.459565,2.91986109938048,-3.2605651325284866,0.0,1754048176.459565,map,base_link,0.050261735916137695,111.31201982498169
1754048176.5215993,3.667769266113575,-2.01311859118931,0.0,0.0,0.0,-0.041973436610833706,0.9991187269884777,0.031226320867844427,0.0,0.0,0.0,0.0,-0.2081754724525667,418.39,-4.811214953271123,1754048176.496818,2.9205046230386493,-3.259444956309071,0.0,1754048176.496818,map,base_link,0.05216050148010254,111.36418032646179
1754048176.5689895,3.6703419083212436,-2.0133574596165413,0.0,0.0,0.0,-0.05057664947083681,0.9987201822974762,0.03622279009590345,0.0,0.0,0.0,0.0,-0.24148526730629355,418.63,-5.7981308411214165,1754048176.5591528,2.9218204923896685,-3.2572214379472726,0.0,1754048176.5591528,map,base_link,0.04739022254943848,111.41157054901123
1754048176.6194224,3.6716265911073407,-2.013493502257933,0.0,0.0,0.0,-0.05487688896978064,0.9984931281971842,0.03625035809600011,0.0,0.0,0.0,0.0,-0.24166905397360453,418.75,-6.291588785046901,1754048176.596698,2.9235118765650467,-3.246651667447155,0.0,1754048176.596698,map,base_link,0.05043292045593262,111.46200346946716
1754048176.6699715,3.6729100546002185,-2.0136406040037356,0.0,0.0,0.0,-0.05917611085291267,0.9982475584264275,0.04138972872723874,0.0,0.0,0.0,0.0,-0.27593152484852873,418.87,-6.7850467289720475,1754048176.6217477,2.9241548959256836,-3.245531201667663,0.0,1754048176.6217477,map,base_link,0.05054903030395508,111.51255249977112
1754048176.719387,3.6722688098423877,-2.0135629093443908,0.0,0.0,0.0,-0.06132531527430152,0.9981178315742624,0.016981194491847037,0.0,0.0,0.0,0.0,-0.12873304737838837,418.81,-7.03177570093462,1754048176.698343,2.9238297734841225,-3.2460893474349404,0.0,1754048176.698343,map,base_link,0.04941558837890625,111.56196808815002
1754048176.782792,3.6722688098423877,-2.0135629093443908,0.0,0.0,0.0,-0.06132531527430152,0.9981178315742624,-2.9406165003020845e-14,0.0,0.0,0.0,0.0,-7.437522819842002e-14,418.81,-7.03177570093462,1754048176.7592788,2.9238297734841225,-3.2460893474349404,0.0,1754048176.7592788,map,base_link,0.06340503692626953,111.6253731250763
1754048176.81943,3.6722688098423877,-2.0135629093443908,0.0,0.0,0.0,-0.06132531527430152,0.9981178315742624,-2.9406165003020845e-14,0.0,0.0,0.0,0.0,-7.437522819842002e-14,418.81,-7.03177570093462,1754048176.796722,2.9350684819387123,-3.2367785098524244,0.0,1754048176.796722,map,base_link,0.03663802146911621,111.66201114654541
1754048176.868989,3.6722688098423877,-2.0135629093443908,0.0,0.0,0.0,-0.06132531527430152,0.9981178315742624,-2.9406165003020845e-14,0.0,0.0,0.0,0.0,-7.437522819842002e-14,418.81,-7.03177570093462,1754048176.8592675,2.9350684819387123,-3.2367785098524244,0.0,1754048176.8592675,map,base_link,0.04955887794494629,111.71157002449036
1754048176.9188502,3.6722688098423877,-2.0135629093443908,0.0,0.0,0.0,-0.06132531527430152,0.9981178315742624,-2.9406165003020845e-14,0.0,0.0,0.0,0.0,-7.437522819842002e-14,418.81,-7.03177570093462,1754048176.897084,2.9350684819387123,-3.2367785098524244,0.0,1754048176.897084,map,base_link,0.04986119270324707,111.7614312171936
1754048176.970725,3.6722688098423877,-2.0135629093443908,0.0,0.0,0.0,-0.06132531527430152,0.9981178315742624,-2.9406165003020845e-14,0.0,0.0,0.0,0.0,-7.437522819842002e-14,418.81,-7.03177570093462,1754048176.9593737,2.9350684819387123,-3.2367785098524235,0.0,1754048176.9593737,map,base_link,0.05187487602233887,111.81330609321594
1754048177.0213416,3.6722688098423877,-2.0135629093443908,0.0,0.0,0.0,-0.06132531527430152,0.9981178315742624,-2.9406165003020845e-14,0.0,0.0,0.0,0.0,-7.437522819842002e-14,418.81,-7.03177570093462,1754048176.996679,2.9350684819387123,-3.2367785098524244,0.0,1754048176.996679,map,base_link,0.05061650276184082,111.86392259597778
1754048177.0691586,3.6722688098423877,-2.0135629093443908,0.0,0.0,0.0,-0.06132531527430152,0.9981178315742624,-2.9406165003020845e-14,0.0,0.0,0.0,0.0,-7.437522819842002e-14,418.81,-7.03177570093462,1754048177.0591881,2.9350684819387123,-3.2367785098524244,0.0,1754048177.0591881,map,base_link,0.04781699180603027,111.91173958778381
1754048177.1194,3.6722688098423877,-2.0135629093443908,0.0,0.0,0.0,-0.06132531527430152,0.9981178315742624,-2.9406165003020845e-14,0.0,0.0,0.0,0.0,-7.437522819842002e-14,418.81,-7.03177570093462,1754048177.0968409,2.9350684819387123,-3.2367785098524244,0.0,1754048177.0968409,map,base_link,0.05024147033691406,111.96198105812073
1754048177.1724591,3.6722688098423877,-2.0135629093443908,0.0,0.0,0.0,-0.06132531527430152,0.9981178315742624,-2.9406165003020845e-14,0.0,0.0,0.0,0.0,-7.437522819842002e-14,418.81,-7.03177570093462,1754048177.1591716,2.9350684819387123,-3.2367785098524244,0.0,1754048177.146773,map,base_link,0.05305910110473633,112.01504015922546
1754048177.219162,3.6722688098423877,-2.0135629093443908,0.0,0.0,0.0,-0.06132531527430152,0.9981178315742624,-2.9406165003020845e-14,0.0,0.0,0.0,0.0,-7.437522819842002e-14,418.81,-7.03177570093462,1754048177.196852,2.9350684819387123,-3.2367785098524244,0.0,1754048177.196852,map,base_link,0.04670286178588867,112.06174302101135
1754048177.2695084,3.6722688098423877,-2.0135629093443908,0.0,0.0,0.0,-0.06132531527430152,0.9981178315742624,-2.9406165003020845e-14,0.0,0.0,0.0,0.0,-7.437522819842002e-14,418.81,-7.03177570093462,1754048177.2594113,2.9350684819387123,-3.2367785098524244,0.0,1754048177.2594113,map,base_link,0.05034637451171875,112.11208939552307
1754048177.3197818,3.6722688098423877,-2.0135629093443908,0.0,0.0,0.0,-0.06132531527430152,0.9981178315742624,-2.9406165003020845e-14,0.0,0.0,0.0,0.0,-7.437522819842002e-14,418.81,-7.03177570093462,1754048177.2967298,2.9350684819387123,-3.2367785098524244,0.0,1754048177.2967298,map,base_link,0.05027341842651367,112.16236281394958
1754048177.3689182,3.6722688098423877,-2.0135629093443908,0.0,0.0,0.0,-0.06132531527430152,0.9981178315742624,-2.9406165003020845e-14,0.0,0.0,0.0,0.0,-7.437522819842002e-14,418.81,-7.03177570093462,1754048177.3594968,2.9350684819387123,-3.2367785098524235,0.0,1754048177.3594968,map,base_link,0.04913640022277832,112.21149921417236
1754048177.4196846,3.6722688098423877,-2.0135629093443908,0.0,0.0,0.0,-0.06132531527430152,0.9981178315742624,-2.9406165003020845e-14,0.0,0.0,0.0,0.0,-7.437522819842002e-14,418.81,-7.03177570093462,1754048177.3967211,2.9350684819387123,-3.2367785098524244,0.0,1754048177.3967211,map,base_link,0.0507664680480957,112.26226568222046
1754048177.4693472,3.6722688098423877,-2.0135629093443908,0.0,0.0,0.0,-0.06132531527430152,0.9981178315742624,-2.9406165003020845e-14,0.0,0.0,0.0,0.0,-7.437522819842002e-14,418.81,-7.03177570093462,1754048177.4592032,2.9350684819387123,-3.2367785098524244,0.0,1754048177.4592032,map,base_link,0.04966259002685547,112.31192827224731
1754048177.5235677,3.6722688098423877,-2.0135629093443908,0.0,0.0,0.0,-0.06132531527430152,0.9981178315742624,-2.9406165003020845e-14,0.0,0.0,0.0,0.0,-7.437522819842002e-14,418.81,-7.03177570093462,1754048177.49678,2.9350684819387123,-3.2367785098524244,0.0,1754048177.49678,map,base_link,0.05422043800354004,112.36614871025085
1754048177.5691552,3.6722688098423877,-2.0135629093443908,0.0,0.0,0.0,-0.06132531527430152,0.9981178315742624,-2.9406165003020845e-14,0.0,0.0,0.0,0.0,-7.437522819842002e-14,418.81,-7.03177570093462,1754048177.5599816,2.9350684819387123,-3.2367785098524235,0.0,1754048177.5599816,map,base_link,0.04558753967285156,112.4117362499237
1754048177.6194277,3.6722688098423877,-2.0135629093443908,0.0,0.0,0.0,-0.06132531527430152,0.9981178315742624,-2.9406165003020845e-14,0.0,0.0,0.0,0.0,-7.437522819842002e-14,418.81,-7.03177570093462,1754048177.5967474,2.9350684819387123,-3.2367785098524244,0.0,1754048177.5967474,map,base_link,0.050272464752197266,112.4620087146759
1754048177.669103,3.6722688098423877,-2.0135629093443908,0.0,0.0,0.0,-0.06132531527430152,0.9981178315742624,-2.9406165003020845e-14,0.0,0.0,0.0,0.0,-7.437522819842002e-14,418.81,-7.03177570093462,1754048177.66004,2.9350684819387123,-3.2367785098524244,0.0,1754048177.6360734,map,base_link,0.04967522621154785,112.51168394088745
1754048177.7192411,3.6722688098423877,-2.0135629093443908,0.0,0.0,0.0,-0.06132531527430152,0.9981178315742624,-2.9406165003020845e-14,0.0,0.0,0.0,0.0,-7.437522819842002e-14,418.81,-7.03177570093462,1754048177.6970248,2.9350684819387123,-3.2367785098524244,0.0,1754048177.6970248,map,base_link,0.050138235092163086,112.56182217597961
1754048177.769291,3.6722688098423877,-2.0135629093443908,0.0,0.0,0.0,-0.06132531527430152,0.9981178315742624,-2.9406165003020845e-14,0.0,0.0,0.0,0.0,-7.437522819842002e-14,418.81,-7.03177570093462,1754048177.7592216,2.9350684819387123,-3.2367785098524244,0.0,1754048177.7592216,map,base_link,0.050049781799316406,112.61187195777893
1754048177.819682,3.6722688098423877,-2.0135629093443908,0.0,0.0,0.0,-0.06132531527430152,0.9981178315742624,-2.9406165003020845e-14,0.0,0.0,0.0,0.0,-7.437522819842002e-14,418.81,-7.03177570093462,1754048177.796848,2.9350684819387123,-3.2367785098524244,0.0,1754048177.796848,map,base_link,0.05039095878601074,112.66226291656494
1754048177.869314,3.6722688098423877,-2.0135629093443908,0.0,0.0,0.0,-0.06132531527430152,0.9981178315742624,-2.9406165003020845e-14,0.0,0.0,0.0,0.0,-7.437522819842002e-14,418.81,-7.03177570093462,1754048177.859147,2.9350684819387123,-3.2367785098524244,0.0,1754048177.859147,map,base_link,0.04963207244873047,112.71189498901367
1754048177.9189205,3.6722688098423877,-2.0135629093443908,0.0,0.0,0.0,-0.06132531527430152,0.9981178315742624,-2.9406165003020845e-14,0.0,0.0,0.0,0.0,-7.437522819842002e-14,418.81,-7.03177570093462,1754048177.8967822,2.9350684819387123,-3.2367785098524244,0.0,1754048177.8967822,map,base_link,0.0496065616607666,112.76150155067444
1754048177.9693804,3.6722688098423877,-2.0135629093443908,0.0,0.0,0.0,-0.06132531527430152,0.9981178315742624,-2.9406165003020845e-14,0.0,0.0,0.0,0.0,-7.437522819842002e-14,418.81,-7.03177570093462,1754048177.9591577,2.9350684819387123,-3.2367785098524244,0.0,1754048177.9591577,map,base_link,0.050459861755371094,112.81196141242981
1754048178.028945,3.6722688098423877,-2.0135629093443908,0.0,0.0,0.0,-0.06132531527430152,0.9981178315742624,-2.9406165003020845e-14,0.0,0.0,0.0,0.0,-7.437522819842002e-14,418.81,-7.03177570093462,1754048177.9967678,2.9350684819387123,-3.2367785098524244,0.0,1754048177.9967678,map,base_link,0.05956459045410156,112.87152600288391
1754048178.0693996,3.6722688098423877,-2.0135629093443908,0.0,0.0,0.0,-0.06132531527430152,0.9981178315742624,-2.9406165003020845e-14,0.0,0.0,0.0,0.0,-7.437522819842002e-14,418.81,-7.03177570093462,1754048178.0591638,2.9350684819387123,-3.2367785098524244,0.0,1754048178.0591638,map,base_link,0.04045462608337402,112.91198062896729
1754048178.1191752,3.6722688098423877,-2.0135629093443908,0.0,0.0,0.0,-0.06132531527430152,0.9981178315742624,-2.9406165003020845e-14,0.0,0.0,0.0,0.0,-7.437522819842002e-14,418.81,-7.03177570093462,1754048178.0968175,2.9350684819387123,-3.2367785098524244,0.0,1754048178.0968175,map,base_link,0.04977560043334961,112.96175622940063
1754048178.175143,3.6722688098423877,-2.0135629093443908,0.0,0.0,0.0,-0.06132531527430152,0.9981178315742624,-2.9406165003020845e-14,0.0,0.0,0.0,0.0,-7.437522819842002e-14,418.81,-7.03177570093462,1754048178.1592624,2.9350684819387123,-3.2367785098524244,0.0,1754048178.134653,map,base_link,0.05596780776977539,113.01772403717041
1754048178.219707,3.6722688098423877,-2.0135629093443908,0.0,0.0,0.0,-0.06132531527430152,0.9981178315742624,-2.9406165003020845e-14,0.0,0.0,0.0,0.0,-7.437522819842002e-14,418.81,-7.03177570093462,1754048178.1968014,2.9350684819387123,-3.2367785098524244,0.0,1754048178.1968014,map,base_link,0.044564008712768555,113.06228804588318
1754048178.2763774,3.6722688098423877,-2.0135629093443908,0.0,0.0,0.0,-0.06132531527430152,0.9981178315742624,-2.9406165003020845e-14,0.0,0.0,0.0,0.0,-7.437522819842002e-14,418.81,-7.03177570093462,1754048178.2592287,2.9350684819387123,-3.2367785098524244,0.0,1754048178.2592287,map,base_link,0.056670427322387695,113.11895847320557
1754048178.319179,3.6722688098423877,-2.0135629093443908,0.0,0.0,0.0,-0.06132531527430152,0.9981178315742624,-2.9406165003020845e-14,0.0,0.0,0.0,0.0,-7.437522819842002e-14,418.81,-7.03177570093462,1754048178.2968338,2.9350684819387123,-3.2367785098524244,0.0,1754048178.2968338,map,base_link,0.042801618576049805,113.16176009178162
1754048178.3692427,3.6722688098423877,-2.0135629093443908,0.0,0.0,0.0,-0.06132531527430152,0.9981178315742624,-2.9406165003020845e-14,0.0,0.0,0.0,0.0,-7.437522819842002e-14,418.81,-7.03177570093462,1754048178.3591526,2.9350684819387123,-3.2367785098524244,0.0,1754048178.3591526,map,base_link,0.0500636100769043,113.21182370185852
1754048178.4193892,3.6722688098423877,-2.0135629093443908,0.0,0.0,0.0,-0.06132531527430152,0.9981178315742624,-2.9406165003020845e-14,0.0,0.0,0.0,0.0,-7.437522819842002e-14,418.81,-7.03177570093462,1754048178.3968434,2.9350684819387123,-3.2367785098524244,0.0,1754048178.3968434,map,base_link,0.05014657974243164,113.26197028160095
1754048178.4691527,3.6722688098423877,-2.0135629093443908,0.0,0.0,0.0,-0.06132531527430152,0.9981178315742624,-2.9406165003020845e-14,0.0,0.0,0.0,0.0,-7.437522819842002e-14,418.81,-7.03177570093462,1754048178.4591913,2.9350684819387123,-3.2367785098524244,0.0,1754048178.4591913,map,base_link,0.04976344108581543,113.31173372268677
1754048178.5276427,3.6722688098423877,-2.0135629093443908,0.0,0.0,0.0,-0.06132531527430152,0.9981178315742624,-2.9406165003020845e-14,0.0,0.0,0.0,0.0,-7.437522819842002e-14,418.81,-7.03177570093462,1754048178.4968243,2.9350684819387123,-3.2367785098524244,0.0,1754048178.4968243,map,base_link,0.05849003791809082,113.37022376060486
1754048178.5691059,3.6722688098423877,-2.0135629093443908,0.0,0.0,0.0,-0.06132531527430152,0.9981178315742624,-2.9406165003020845e-14,0.0,0.0,0.0,0.0,-7.437522819842002e-14,418.81,-7.03177570093462,1754048178.559313,2.9350684819387123,-3.2367785098524244,0.0,1754048178.559313,map,base_link,0.04146313667297363,113.41168689727783
1754048178.6192813,3.6722688098423877,-2.0135629093443908,0.0,0.0,0.0,-0.06132531527430152,0.9981178315742624,-2.9406165003020845e-14,0.0,0.0,0.0,0.0,-7.437522819842002e-14,418.81,-7.03177570093462,1754048178.5968084,2.9350684819387123,-3.2367785098524244,0.0,1754048178.5968084,map,base_link,0.05017542839050293,113.46186232566833
1754048178.6691852,3.6722688098423877,-2.0135629093443908,0.0,0.0,0.0,-0.06132531527430152,0.9981178315742624,-2.9406165003020845e-14,0.0,0.0,0.0,0.0,-7.437522819842002e-14,418.81,-7.03177570093462,1754048178.6591735,2.9350684819387123,-3.2367785098524244,0.0,1754048178.6591735,map,base_link,0.04990386962890625,113.51176619529724
1754048178.7190473,3.6722688098423877,-2.0135629093443908,0.0,0.0,0.0,-0.06132531527430152,0.9981178315742624,-2.9406165003020845e-14,0.0,0.0,0.0,0.0,-7.437522819842002e-14,418.81,-7.03177570093462,1754048178.696826,2.9350684819387123,-3.2367785098524244,0.0,1754048178.696826,map,base_link,0.04986214637756348,113.5616283416748
1754048178.7728062,3.6722688098423877,-2.0135629093443908,0.0,0.0,0.0,-0.06132531527430152,0.9981178315742624,-2.9406165003020845e-14,0.0,0.0,0.0,0.0,-7.437522819842002e-14,418.81,-7.03177570093462,1754048178.759306,2.9350684819387123,-3.2367785098524244,0.0,1754048178.7467287,map,base_link,0.053758859634399414,113.6153872013092
1754048178.8190293,3.6722688098423877,-2.0135629093443908,0.0,0.0,0.0,-0.06132531527430152,0.9981178315742624,-2.9406165003020845e-14,0.0,0.0,0.0,0.0,-7.437522819842002e-14,418.81,-7.03177570093462,1754048178.7968118,2.9350684819387123,-3.2367785098524244,0.0,1754048178.7968118,map,base_link,0.04622316360473633,113.66161036491394
1754048178.868939,3.6722688098423877,-2.0135629093443908,0.0,0.0,0.0,-0.06132531527430152,0.9981178315742624,-2.9406165003020845e-14,0.0,0.0,0.0,0.0,-7.437522819842002e-14,418.81,-7.03177570093462,1754048178.8591986,2.9350684819387123,-3.2367785098524235,0.0,1754048178.8591986,map,base_link,0.04990959167480469,113.71151995658875
1754048178.9189384,3.6722688098423877,-2.0135629093443908,0.0,0.0,0.0,-0.06132531527430152,0.9981178315742624,-2.9406165003020845e-14,0.0,0.0,0.0,0.0,-7.437522819842002e-14,418.81,-7.03177570093462,1754048178.8968315,2.9350684819387123,-3.2367785098524244,0.0,1754048178.8968315,map,base_link,0.04999947547912598,113.76151943206787
1754048178.968949,3.6722688098423877,-2.0135629093443908,0.0,0.0,0.0,-0.06132531527430152,0.9981178315742624,-2.9406165003020845e-14,0.0,0.0,0.0,0.0,-7.437522819842002e-14,418.81,-7.03177570093462,1754048178.959229,2.9350684819387123,-3.2367785098524244,0.0,1754048178.959229,map,base_link,0.05001068115234375,113.81153011322021
1754048179.0269103,3.6722688098423877,-2.0135629093443908,0.0,0.0,0.0,-0.06132531527430152,0.9981178315742624,-2.9406165003020845e-14,0.0,0.0,0.0,0.0,-7.437522819842002e-14,418.81,-7.03177570093462,1754048178.9969215,2.9350684819387123,-3.2367785098524244,0.0,1754048178.9969215,map,base_link,0.057961225509643555,113.86949133872986
1754048179.069276,3.6722688098423877,-2.0135629093443908,0.0,0.0,0.0,-0.06132531527430152,0.9981178315742624,-2.9406165003020845e-14,0.0,0.0,0.0,0.0,-7.437522819842002e-14,418.81,-7.03177570093462,1754048179.059272,2.9350684819387123,-3.2367785098524244,0.0,1754048179.059272,map,base_link,0.04236578941345215,113.91185712814331
1754048179.1192768,3.6722688098423877,-2.0135629093443908,0.0,0.0,0.0,-0.06132531527430152,0.9981178315742624,-2.9406165003020845e-14,0.0,0.0,0.0,0.0,-7.437522819842002e-14,418.81,-7.03177570093462,1754048179.0967624,2.9350684819387123,-3.2367785098524244,0.0,1754048179.0967624,map,base_link,0.050000667572021484,113.96185779571533
1754048179.1691904,3.6722688098423877,-2.0135629093443908,0.0,0.0,0.0,-0.06132531527430152,0.9981178315742624,-2.9406165003020845e-14,0.0,0.0,0.0,0.0,-7.437522819842002e-14,418.81,-7.03177570093462,1754048179.1595194,2.9350684819387123,-3.2367785098524244,0.0,1754048179.1595194,map,base_link,0.049913644790649414,114.01177144050598
1754048179.2194526,3.6722688098423877,-2.0135629093443908,0.0,0.0,0.0,-0.06132531527430152,0.9981178315742624,-2.9406165003020845e-14,0.0,0.0,0.0,0.0,-7.437522819842002e-14,418.81,-7.03177570093462,1754048179.197087,2.9350684819387123,-3.2367785098524244,0.0,1754048179.197087,map,base_link,0.0502622127532959,114.06203365325928
1754048179.2704108,3.6722688098423877,-2.0135629093443908,0.0,0.0,0.0,-0.06132531527430152,0.9981178315742624,-2.9406165003020845e-14,0.0,0.0,0.0,0.0,-7.437522819842002e-14,418.81,-7.03177570093462,1754048179.2594788,2.9350684819387123,-3.2367785098524244,0.0,1754048179.2594788,map,base_link,0.05095815658569336,114.11299180984497
1754048179.3192677,3.6722688098423877,-2.0135629093443908,0.0,0.0,0.0,-0.06132531527430152,0.9981178315742624,-2.9406165003020845e-14,0.0,0.0,0.0,0.0,-7.437522819842002e-14,418.81,-7.03177570093462,1754048179.296843,2.9350684819387123,-3.2367785098524244,0.0,1754048179.296843,map,base_link,0.04885697364807129,114.16184878349304
1754048179.368966,3.6722688098423877,-2.0135629093443908,0.0,0.0,0.0,-0.06132531527430152,0.9981178315742624,-2.9406165003020845e-14,0.0,0.0,0.0,0.0,-7.437522819842002e-14,418.81,-7.03177570093462,1754048179.3591475,2.9350684819387123,-3.2367785098524244,0.0,1754048179.3591475,map,base_link,0.0496983528137207,114.21154713630676
1754048179.4254913,3.6722688098423877,-2.0135629093443908,0.0,0.0,0.0,-0.06132531527430152,0.9981178315742624,-2.9406165003020845e-14,0.0,0.0,0.0,0.0,-7.437522819842002e-14,418.81,-7.03177570093462,1754048179.39685,2.9350684819387123,-3.2367785098524244,0.0,1754048179.39685,map,base_link,0.056525230407714844,114.26807236671448
1754048179.4691143,3.6722688098423877,-2.0135629093443908,0.0,0.0,0.0,-0.06132531527430152,0.9981178315742624,-2.9406165003020845e-14,0.0,0.0,0.0,0.0,-7.437522819842002e-14,418.81,-7.03177570093462,1754048179.4591556,2.9350684819387123,-3.2367785098524244,0.0,1754048179.4591556,map,base_link,0.04362297058105469,114.31169533729553
1754048179.52865,3.6722688098423877,-2.0135629093443908,0.0,0.0,0.0,-0.06132531527430152,0.9981178315742624,-2.9406165003020845e-14,0.0,0.0,0.0,0.0,-7.437522819842002e-14,418.81,-7.03177570093462,1754048179.4967635,2.9350684819387123,-3.2367785098524244,0.0,1754048179.4967635,map,base_link,0.05953574180603027,114.37123107910156
1754048179.5691373,3.6722688098423877,-2.0135629093443908,0.0,0.0,0.0,-0.06132531527430152,0.9981178315742624,-2.9406165003020845e-14,0.0,0.0,0.0,0.0,-7.437522819842002e-14,418.81,-7.03177570093462,1754048179.559535,2.9350684819387123,-3.2367785098524244,0.0,1754048179.559535,map,base_link,0.04048728942871094,114.41171836853027
1754048179.6192183,3.6722688098423877,-2.0135629093443908,0.0,0.0,0.0,-0.06132531527430152,0.9981178315742624,-2.9406165003020845e-14,0.0,0.0,0.0,0.0,-7.437522819842002e-14,418.81,-7.03177570093462,1754048179.5973825,2.9350684819387123,-3.2367785098524244,0.0,1754048179.5973825,map,base_link,0.05008101463317871,114.46179938316345
1754048179.6795619,3.6722688098423877,-2.0135629093443908,0.0,0.0,0.0,-0.06132531527430152,0.9981178315742624,-2.9406165003020845e-14,0.0,0.0,0.0,0.0,-7.437522819842002e-14,418.81,-7.03177570093462,1754048179.659203,2.9350684819387123,-3.2367785098524244,0.0,1754048179.659203,map,base_link,0.06034350395202637,114.52214288711548
1754048179.7192087,3.6722688098423877,-2.0135629093443908,0.0,0.0,0.0,-0.06132531527430152,0.9981178315742624,-2.9406165003020845e-14,0.0,0.0,0.0,0.0,-7.437522819842002e-14,418.81,-7.03177570093462,1754048179.6967795,2.9350684819387123,-3.2367785098524244,0.0,1754048179.6967795,map,base_link,0.03964686393737793,114.56178975105286
1754048179.7693906,3.6722688098423877,-2.0135629093443908,0.0,0.0,0.0,-0.06132531527430152,0.9981178315742624,-2.9406165003020845e-14,0.0,0.0,0.0,0.0,-7.437522819842002e-14,418.81,-7.03177570093462,1754048179.7592113,2.9350684819387123,-3.2367785098524244,0.0,1754048179.7592113,map,base_link,0.05018186569213867,114.611971616745
1754048179.8187985,3.6722688098423877,-2.0135629093443908,0.0,0.0,0.0,-0.06132531527430152,0.9981178315742624,-2.9406165003020845e-14,0.0,0.0,0.0,0.0,-7.437522819842002e-14,418.81,-7.03177570093462,1754048179.7968576,2.9350684819387123,-3.2367785098524244,0.0,1754048179.7968576,map,base_link,0.049407958984375,114.66137957572937
1754048179.869233,3.6722688098423877,-2.0135629093443908,0.0,0.0,0.0,-0.06132531527430152,0.9981178315742624,-2.9406165003020845e-14,0.0,0.0,0.0,0.0,-7.437522819842002e-14,418.81,-7.03177570093462,1754048179.8592188,2.9350684819387123,-3.2367785098524244,0.0,1754048179.8592188,map,base_link,0.05043435096740723,114.71181392669678
1754048179.9200208,3.6722688098423877,-2.0135629093443908,0.0,0.0,0.0,-0.06132531527430152,0.9981178315742624,-2.9406165003020845e-14,0.0,0.0,0.0,0.0,-7.437522819842002e-14,418.81,-7.03177570093462,1754048179.896845,2.9350684819387123,-3.2367785098524244,0.0,1754048179.896845,map,base_link,0.050787925720214844,114.76260185241699
1754048179.968922,3.6722688098423877,-2.0135629093443908,0.0,0.0,0.0,-0.06132531527430152,0.9981178315742624,-2.9406165003020845e-14,0.0,0.0,0.0,0.0,-7.437522819842002e-14,418.81,-7.03177570093462,1754048179.959223,2.9350684819387123,-3.2367785098524235,0.0,1754048179.959223,map,base_link,0.04890108108520508,114.8115029335022
1754048180.0196867,3.6722688098423877,-2.0135629093443908,0.0,0.0,0.0,-0.06132531527430152,0.9981178315742624,-2.9406165003020845e-14,0.0,0.0,0.0,0.0,-7.437522819842002e-14,418.81,-7.03177570093462,1754048179.9968004,2.9350684819387123,-3.2367785098524244,0.0,1754048179.9968004,map,base_link,0.05076479911804199,114.86226773262024
1754048180.069059,3.6722688098423877,-2.0135629093443908,0.0,0.0,0.0,-0.06132531527430152,0.9981178315742624,-2.9406165003020845e-14,0.0,0.0,0.0,0.0,-7.437522819842002e-14,418.81,-7.03177570093462,1754048180.0595465,2.9350684819387123,-3.2367785098524244,0.0,1754048180.0595465,map,base_link,0.049372196197509766,114.91163992881775
1754048180.1190758,3.6722688098423877,-2.0135629093443908,0.0,0.0,0.0,-0.06132531527430152,0.9981178315742624,-2.9406165003020845e-14,0.0,0.0,0.0,0.0,-7.437522819842002e-14,418.81,-7.03177570093462,1754048180.0968323,2.9350684819387123,-3.2367785098524244,0.0,1754048180.0968323,map,base_link,0.05001688003540039,114.96165680885315
1754048180.1690028,3.6722688098423877,-2.0135629093443908,0.0,0.0,0.0,-0.06132531527430152,0.9981178315742624,-2.9406165003020845e-14,0.0,0.0,0.0,0.0,-7.437522819842002e-14,418.81,-7.03177570093462,1754048180.1591976,2.9350684819387123,-3.2367785098524244,0.0,1754048180.1591976,map,base_link,0.0499269962310791,115.01158380508423
1754048180.2193794,3.6722688098423877,-2.0135629093443908,0.0,0.0,0.0,-0.06132531527430152,0.9981178315742624,-2.9406165003020845e-14,0.0,0.0,0.0,0.0,-7.437522819842002e-14,418.81,-7.03177570093462,1754048180.1968405,2.9350684819387123,-3.2367785098524244,0.0,1754048180.1968405,map,base_link,0.05037665367126465,115.0619604587555
1754048180.269589,3.6722688098423877,-2.0135629093443908,0.0,0.0,0.0,-0.06132531527430152,0.9981178315742624,-2.9406165003020845e-14,0.0,0.0,0.0,0.0,-7.437522819842002e-14,418.81,-7.03177570093462,1754048180.2592764,2.9350684819387123,-3.2367785098524244,0.0,1754048180.2592764,map,base_link,0.05020952224731445,115.11216998100281
1754048180.320573,3.6722688098423877,-2.0135629093443908,0.0,0.0,0.0,-0.06132531527430152,0.9981178315742624,-2.9406165003020845e-14,0.0,0.0,0.0,0.0,-7.437522819842002e-14,418.81,-7.03177570093462,1754048180.297598,2.9350684819387123,-3.2367785098524244,0.0,1754048180.297598,map,base_link,0.05098414421081543,115.16315412521362
1754048180.3690581,3.6722688098423877,-2.0135629093443908,0.0,0.0,0.0,-0.06132531527430152,0.9981178315742624,-2.9406165003020845e-14,0.0,0.0,0.0,0.0,-7.437522819842002e-14,418.81,-7.03177570093462,1754048180.3591633,2.9350684819387123,-3.2367785098524244,0.0,1754048180.3591633,map,base_link,0.04848504066467285,115.2116391658783
1754048180.4341545,3.6722688098423877,-2.0135629093443908,0.0,0.0,0.0,-0.06132531527430152,0.9981178315742624,-2.9406165003020845e-14,0.0,0.0,0.0,0.0,-7.437522819842002e-14,418.81,-7.03177570093462,1754048180.396737,2.9350684819387123,-3.2367785098524244,0.0,1754048180.396737,map,base_link,0.06509637832641602,115.27673554420471
1754048180.4690735,3.6722688098423877,-2.0135629093443908,0.0,0.0,0.0,-0.06132531527430152,0.9981178315742624,-2.9406165003020845e-14,0.0,0.0,0.0,0.0,-7.437522819842002e-14,418.81,-7.03177570093462,1754048180.4591563,2.9350684819387123,-3.2367785098524244,0.0,1754048180.4591563,map,base_link,0.034919023513793945,115.3116545677185
1754048180.519112,3.6722688098423877,-2.0135629093443908,0.0,0.0,0.0,-0.06132531527430152,0.9981178315742624,-2.9406165003020845e-14,0.0,0.0,0.0,0.0,-7.437522819842002e-14,418.81,-7.03177570093462,1754048180.4968,2.9350684819387123,-3.2367785098524244,0.0,1754048180.4968,map,base_link,0.05003857612609863,115.3616931438446
1754048180.5693696,3.6722688098423877,-2.0135629093443908,0.0,0.0,0.0,-0.06132531527430152,0.9981178315742624,-2.9406165003020845e-14,0.0,0.0,0.0,0.0,-7.437522819842002e-14,418.81,-7.03177570093462,1754048180.5618305,2.9350684819387123,-3.2367785098524244,0.0,1754048180.5618305,map,base_link,0.05025744438171387,115.41195058822632
1754048180.6209729,3.6722688098423877,-2.0135629093443908,0.0,0.0,0.0,-0.06132531527430152,0.9981178315742624,-2.9406165003020845e-14,0.0,0.0,0.0,0.0,-7.437522819842002e-14,418.81,-7.03177570093462,1754048180.5967662,2.9350684819387123,-3.2367785098524244,0.0,1754048180.5967662,map,base_link,0.05160331726074219,115.46355390548706
1754048180.6720939,3.6722688098423877,-2.0135629093443908,0.0,0.0,0.0,-0.06132531527430152,0.9981178315742624,-2.9406165003020845e-14,0.0,0.0,0.0,0.0,-7.437522819842002e-14,418.81,-7.03177570093462,1754048180.659233,2.9350684819387123,-3.2367785098524244,0.0,1754048180.659233,map,base_link,0.05112099647521973,115.51467490196228
1754048180.7192802,3.6722688098423877,-2.0135629093443908,0.0,0.0,0.0,-0.06132531527430152,0.9981178315742624,-2.9406165003020845e-14,0.0,0.0,0.0,0.0,-7.437522819842002e-14,418.81,-7.03177570093462,1754048180.6967745,2.9350684819387123,-3.2367785098524244,0.0,1754048180.6967745,map,base_link,0.04718637466430664,115.56186127662659
1754048180.769033,3.6722688098423877,-2.0135629093443908,0.0,0.0,0.0,-0.06132531527430152,0.9981178315742624,-2.9406165003020845e-14,0.0,0.0,0.0,0.0,-7.437522819842002e-14,418.81,-7.03177570093462,1754048180.759159,2.9350684819387123,-3.2367785098524244,0.0,1754048180.759159,map,base_link,0.04975271224975586,115.61161398887634
1754048180.819405,3.6722688098423877,-2.0135629093443908,0.0,0.0,0.0,-0.06132531527430152,0.9981178315742624,-2.9406165003020845e-14,0.0,0.0,0.0,0.0,-7.437522819842002e-14,418.81,-7.03177570093462,1754048180.7967997,2.9350684819387123,-3.2367785098524244,0.0,1754048180.7967997,map,base_link,0.05037212371826172,115.6619861125946
1754048180.8691385,3.6722688098423877,-2.0135629093443908,0.0,0.0,0.0,-0.06132531527430152,0.9981178315742624,-2.9406165003020845e-14,0.0,0.0,0.0,0.0,-7.437522819842002e-14,418.81,-7.03177570093462,1754048180.8591738,2.9350684819387123,-3.2367785098524253,0.0,1754048180.8591738,map,base_link,0.04973340034484863,115.71171951293945
1754048180.9218237,3.6722688098423877,-2.0135629093443908,0.0,0.0,0.0,-0.06132531527430152,0.9981178315742624,-2.9406165003020845e-14,0.0,0.0,0.0,0.0,-7.437522819842002e-14,418.81,-7.03177570093462,1754048180.8968132,2.9350684819387123,-3.2367785098524244,0.0,1754048180.8968132,map,base_link,0.05268526077270508,115.76440477371216
1754048180.9700534,3.6722688098423877,-2.0135629093443908,0.0,0.0,0.0,-0.06132531527430152,0.9981178315742624,-2.9406165003020845e-14,0.0,0.0,0.0,0.0,-7.437522819842002e-14,418.81,-7.03177570093462,1754048180.9591827,2.9350684819387123,-3.2367785098524244,0.0,1754048180.9591827,map,base_link,0.04822969436645508,115.81263446807861
1754048181.021199,3.6722688098423877,-2.0135629093443908,0.0,0.0,0.0,-0.06132531527430152,0.9981178315742624,-2.9406165003020845e-14,0.0,0.0,0.0,0.0,-7.437522819842002e-14,418.81,-7.03177570093462,1754048180.996779,2.9350684819387123,-3.2367785098524244,0.0,1754048180.996779,map,base_link,0.05114555358886719,115.86378002166748
1754048181.0822854,3.6722688098423877,-2.0135629093443908,0.0,0.0,0.0,-0.06132531527430152,0.9981178315742624,-2.9406165003020845e-14,0.0,0.0,0.0,0.0,-7.437522819842002e-14,418.81,-7.03177570093462,1754048181.0350256,2.9350684819387123,-3.2367785098524244,0.0,1754048181.0350256,map,base_link,0.061086416244506836,115.92486643791199
1754048181.1216896,3.6722688098423877,-2.0135629093443908,0.0,0.0,0.0,-0.06132531527430152,0.9981178315742624,-2.9406165003020845e-14,0.0,0.0,0.0,0.0,-7.437522819842002e-14,418.81,-7.03177570093462,1754048181.0968413,2.9350684819387123,-3.2367785098524244,0.0,1754048181.0968413,map,base_link,0.03940415382385254,115.96427059173584
1754048181.169424,3.6722688098423877,-2.0135629093443908,0.0,0.0,0.0,-0.06132531527430152,0.9981178315742624,-2.9406165003020845e-14,0.0,0.0,0.0,0.0,-7.437522819842002e-14,418.81,-7.03177570093462,1754048181.1592138,2.9350684819387123,-3.2367785098524244,0.0,1754048181.146938,map,base_link,0.04773449897766113,116.0120050907135
1754048181.2300978,3.6722688098423877,-2.0135629093443908,0.0,0.0,0.0,-0.06132531527430152,0.9981178315742624,-2.9406165003020845e-14,0.0,0.0,0.0,0.0,-7.437522819842002e-14,418.81,-7.03177570093462,1754048181.1969376,2.9350684819387123,-3.2367785098524244,0.0,1754048181.1969376,map,base_link,0.06067371368408203,116.07267880439758
1754048181.2691298,3.6722688098423877,-2.0135629093443908,0.0,0.0,0.0,-0.06132531527430152,0.9981178315742624,-2.9406165003020845e-14,0.0,0.0,0.0,0.0,-7.437522819842002e-14,418.81,-7.03177570093462,1754048181.2595975,2.9350684819387123,-3.2367785098524235,0.0,1754048181.2595975,map,base_link,0.039031982421875,116.11171078681946
1754048181.3192372,3.6722688098423877,-2.0135629093443908,0.0,0.0,0.0,-0.06132531527430152,0.9981178315742624,-2.9406165003020845e-14,0.0,0.0,0.0,0.0,-7.437522819842002e-14,418.81,-7.03177570093462,1754048181.2967665,2.9350684819387123,-3.2367785098524244,0.0,1754048181.2967665,map,base_link,0.050107479095458984,116.16181826591492
1754048181.368935,3.6722688098423877,-2.0135629093443908,0.0,0.0,0.0,-0.06132531527430152,0.9981178315742624,-2.9406165003020845e-14,0.0,0.0,0.0,0.0,-7.437522819842002e-14,418.81,-7.03177570093462,1754048181.3591993,2.9350684819387123,-3.2367785098524244,0.0,1754048181.3591993,map,base_link,0.0496978759765625,116.21151614189148
1754048181.4193935,3.6722688098423877,-2.0135629093443908,0.0,0.0,0.0,-0.06132531527430152,0.9981178315742624,-2.9406165003020845e-14,0.0,0.0,0.0,0.0,-7.437522819842002e-14,418.81,-7.03177570093462,1754048181.396864,2.9350684819387123,-3.2367785098524244,0.0,1754048181.396864,map,base_link,0.050458431243896484,116.26197457313538
1754048181.4785428,3.6722688098423877,-2.0135629093443908,0.0,0.0,0.0,-0.06132531527430152,0.9981178315742624,-2.9406165003020845e-14,0.0,0.0,0.0,0.0,-7.437522819842002e-14,418.81,-7.03177570093462,1754048181.4347942,2.9350684819387123,-3.2367785098524244,0.0,1754048181.4347942,map,base_link,0.05914926528930664,116.32112383842468
1754048181.5190408,3.6722688098423877,-2.0135629093443908,0.0,0.0,0.0,-0.06132531527430152,0.9981178315742624,-2.9406165003020845e-14,0.0,0.0,0.0,0.0,-7.437522819842002e-14,418.81,-7.03177570093462,1754048181.4974873,2.9350684819387123,-3.2367785098524244,0.0,1754048181.4974873,map,base_link,0.04049801826477051,116.36162185668945
1754048181.5691676,3.6722688098423877,-2.0135629093443908,0.0,0.0,0.0,-0.06132531527430152,0.9981178315742624,-2.9406165003020845e-14,0.0,0.0,0.0,0.0,-7.437522819842002e-14,418.81,-7.03177570093462,1754048181.5591562,2.9350684819387123,-3.2367785098524244,0.0,1754048181.5591562,map,base_link,0.05012679100036621,116.41174864768982
1754048181.619356,3.6722688098423877,-2.0135629093443908,0.0,0.0,0.0,-0.06132531527430152,0.9981178315742624,-2.9406165003020845e-14,0.0,0.0,0.0,0.0,-7.437522819842002e-14,418.81,-7.03177570093462,1754048181.5968952,2.9350684819387123,-3.2367785098524244,0.0,1754048181.5968952,map,base_link,0.050188302993774414,116.4619369506836
1754048181.668975,3.6722688098423877,-2.0135629093443908,0.0,0.0,0.0,-0.06132531527430152,0.9981178315742624,-2.9406165003020845e-14,0.0,0.0,0.0,0.0,-7.437522819842002e-14,418.81,-7.03177570093462,1754048181.6598923,2.9350684819387123,-3.2367785098524244,0.0,1754048181.6598923,map,base_link,0.049619197845458984,116.51155614852905
1754048181.726985,3.6722688098423877,-2.0135629093443908,0.0,0.0,0.0,-0.06132531527430152,0.9981178315742624,-2.9406165003020845e-14,0.0,0.0,0.0,0.0,-7.437522819842002e-14,418.81,-7.03177570093462,1754048181.6967795,2.9350684819387123,-3.2367785098524244,0.0,1754048181.6967795,map,base_link,0.05800986289978027,116.56956601142883
1754048181.7691536,3.6722688098423877,-2.0135629093443908,0.0,0.0,0.0,-0.06132531527430152,0.9981178315742624,-2.9406165003020845e-14,0.0,0.0,0.0,0.0,-7.437522819842002e-14,418.81,-7.03177570093462,1754048181.7592316,2.9350684819387123,-3.2367785098524244,0.0,1754048181.7592316,map,base_link,0.042168617248535156,116.61173462867737
1754048181.8197837,3.6722688098423877,-2.0135629093443908,0.0,0.0,0.0,-0.06132531527430152,0.9981178315742624,-2.9406165003020845e-14,0.0,0.0,0.0,0.0,-7.437522819842002e-14,418.81,-7.03177570093462,1754048181.7968087,2.9350684819387123,-3.2367785098524244,0.0,1754048181.7968087,map,base_link,0.05063009262084961,116.66236472129822
1754048181.8691015,3.6722688098423877,-2.0135629093443908,0.0,0.0,0.0,-0.06132531527430152,0.9981178315742624,-2.9406165003020845e-14,0.0,0.0,0.0,0.0,-7.437522819842002e-14,418.81,-7.03177570093462,1754048181.860903,2.9350684819387123,-3.2367785098524244,0.0,1754048181.860903,map,base_link,0.04931783676147461,116.71168255805969
1754048181.9192162,3.6722688098423877,-2.0135629093443908,0.0,0.0,0.0,-0.06132531527430152,0.9981178315742624,-2.9406165003020845e-14,0.0,0.0,0.0,0.0,-7.437522819842002e-14,418.81,-7.03177570093462,1754048181.8968222,2.9350684819387123,-3.2367785098524244,0.0,1754048181.8968222,map,base_link,0.05011463165283203,116.76179718971252
1754048181.9723132,3.6722688098423877,-2.0135629093443908,0.0,0.0,0.0,-0.06132531527430152,0.9981178315742624,-2.9406165003020845e-14,0.0,0.0,0.0,0.0,-7.437522819842002e-14,418.81,-7.03177570093462,1754048181.9592125,2.9350684819387123,-3.2367785098524244,0.0,1754048181.9592125,map,base_link,0.05309700965881348,116.81489419937134
1754048182.0194635,3.6722688098423877,-2.0135629093443908,0.0,0.0,0.0,-0.06132531527430152,0.9981178315742624,-2.9406165003020845e-14,0.0,0.0,0.0,0.0,-7.437522819842002e-14,418.81,-7.03177570093462,1754048181.9968464,2.9350684819387123,-3.2367785098524244,0.0,1754048181.9968464,map,base_link,0.047150373458862305,116.8620445728302
1754048182.0691414,3.6722688098423877,-2.0135629093443908,0.0,0.0,0.0,-0.06132531527430152,0.9981178315742624,-2.9406165003020845e-14,0.0,0.0,0.0,0.0,-7.437522819842002e-14,418.81,-7.03177570093462,1754048182.0592356,2.9350684819387123,-3.2367785098524244,0.0,1754048182.0592356,map,base_link,0.04967784881591797,116.91172242164612
1754048182.1189623,3.6722688098423877,-2.0135629093443908,0.0,0.0,0.0,-0.06132531527430152,0.9981178315742624,-2.9406165003020845e-14,0.0,0.0,0.0,0.0,-7.437522819842002e-14,418.81,-7.03177570093462,1754048182.0968738,2.9350684819387123,-3.2367785098524244,0.0,1754048182.0968738,map,base_link,0.049820899963378906,116.9615433216095
1754048182.1689594,3.6722688098423877,-2.0135629093443908,0.0,0.0,0.0,-0.06132531527430152,0.9981178315742624,-2.9406165003020845e-14,0.0,0.0,0.0,0.0,-7.437522819842002e-14,418.81,-7.03177570093462,1754048182.159249,2.9350684819387123,-3.2367785098524244,0.0,1754048182.159249,map,base_link,0.04999709129333496,117.01154041290283
1754048182.2270923,3.6722688098423877,-2.0135629093443908,0.0,0.0,0.0,-0.06132531527430152,0.9981178315742624,-2.9406165003020845e-14,0.0,0.0,0.0,0.0,-7.437522819842002e-14,418.81,-7.03177570093462,1754048182.1967795,2.9350684819387123,-3.2367785098524244,0.0,1754048182.1967795,map,base_link,0.05813288688659668,117.06967329978943
1754048182.269133,3.6722688098423877,-2.0135629093443908,0.0,0.0,0.0,-0.06132531527430152,0.9981178315742624,-2.9406165003020845e-14,0.0,0.0,0.0,0.0,-7.437522819842002e-14,418.81,-7.03177570093462,1754048182.2592728,2.9350684819387123,-3.2367785098524244,0.0,1754048182.2592728,map,base_link,0.04204082489013672,117.11171412467957
1754048182.3199606,3.6722688098423877,-2.0135629093443908,0.0,0.0,0.0,-0.06132531527430152,0.9981178315742624,-2.9406165003020845e-14,0.0,0.0,0.0,0.0,-7.437522819842002e-14,418.81,-7.03177570093462,1754048182.2968404,2.9350684819387123,-3.2367785098524244,0.0,1754048182.2968404,map,base_link,0.0508275032043457,117.16254162788391
1754048182.375995,3.6722688098423877,-2.0135629093443908,0.0,0.0,0.0,-0.06132531527430152,0.9981178315742624,-2.9406165003020845e-14,0.0,0.0,0.0,0.0,-7.437522819842002e-14,418.81,-7.03177570093462,1754048182.3593273,2.9350684819387123,-3.2367785098524244,0.0,1754048182.3593273,map,base_link,0.05603432655334473,117.21857595443726
1754048182.4194732,3.6722688098423877,-2.0135629093443908,0.0,0.0,0.0,-0.06132531527430152,0.9981178315742624,-2.9406165003020845e-14,0.0,0.0,0.0,0.0,-7.437522819842002e-14,418.81,-7.03177570093462,1754048182.3968523,2.9350684819387123,-3.2367785098524244,0.0,1754048182.3968523,map,base_link,0.04347825050354004,117.2620542049408
1754048182.469408,3.6722688098423877,-2.0135629093443908,0.0,0.0,0.0,-0.06132531527430152,0.9981178315742624,-2.9406165003020845e-14,0.0,0.0,0.0,0.0,-7.437522819842002e-14,418.81,-7.03177570093462,1754048182.4591928,2.9350684819387123,-3.2367785098524244,0.0,1754048182.4591928,map,base_link,0.04993486404418945,117.31198906898499
1754048182.5192726,3.6722688098423877,-2.0135629093443908,0.0,0.0,0.0,-0.06132531527430152,0.9981178315742624,-2.9406165003020845e-14,0.0,0.0,0.0,0.0,-7.437522819842002e-14,418.81,-7.03177570093462,1754048182.496887,2.9350684819387123,-3.2367785098524244,0.0,1754048182.496887,map,base_link,0.04986453056335449,117.36185359954834
1754048182.5690641,3.6722688098423877,-2.0135629093443908,0.0,0.0,0.0,-0.06132531527430152,0.9981178315742624,-2.9406165003020845e-14,0.0,0.0,0.0,0.0,-7.437522819842002e-14,418.81,-7.03177570093462,1754048182.5593538,2.9350684819387123,-3.2367785098524244,0.0,1754048182.5593538,map,base_link,0.049791574478149414,117.41164517402649
1754048182.6276715,3.6722688098423877,-2.0135629093443908,0.0,0.0,0.0,-0.06132531527430152,0.9981178315742624,-2.9406165003020845e-14,0.0,0.0,0.0,0.0,-7.437522819842002e-14,418.81,-7.03177570093462,1754048182.5968049,2.9350684819387123,-3.2367785098524244,0.0,1754048182.5968049,map,base_link,0.05860733985900879,117.4702525138855
1754048182.6691277,3.6722688098423877,-2.0135629093443908,0.0,0.0,0.0,-0.06132531527430152,0.9981178315742624,-2.9406165003020845e-14,0.0,0.0,0.0,0.0,-7.437522819842002e-14,418.81,-7.03177570093462,1754048182.6592321,2.9350684819387123,-3.2367785098524244,0.0,1754048182.6592321,map,base_link,0.04145622253417969,117.51170873641968
1754048182.719096,3.6722688098423877,-2.0135629093443908,0.0,0.0,0.0,-0.06132531527430152,0.9981178315742624,-2.9406165003020845e-14,0.0,0.0,0.0,0.0,-7.437522819842002e-14,418.81,-7.03177570093462,1754048182.696834,2.9350684819387123,-3.2367785098524244,0.0,1754048182.696834,map,base_link,0.04996824264526367,117.56167697906494
1754048182.7692788,3.6722688098423877,-2.0135629093443908,0.0,0.0,0.0,-0.06132531527430152,0.9981178315742624,-2.9406165003020845e-14,0.0,0.0,0.0,0.0,-7.437522819842002e-14,418.81,-7.03177570093462,1754048182.7592118,2.9350684819387123,-3.2367785098524244,0.0,1754048182.7592118,map,base_link,0.05018281936645508,117.6118597984314
1754048182.819387,3.6722688098423877,-2.0135629093443908,0.0,0.0,0.0,-0.06132531527430152,0.9981178315742624,-2.9406165003020845e-14,0.0,0.0,0.0,0.0,-7.437522819842002e-14,418.81,-7.03177570093462,1754048182.796954,2.9350684819387123,-3.2367785098524244,0.0,1754048182.796954,map,base_link,0.05010819435119629,117.66196799278259
1754048182.8715692,3.6722688098423877,-2.0135629093443908,0.0,0.0,0.0,-0.06132531527430152,0.9981178315742624,-2.9406165003020845e-14,0.0,0.0,0.0,0.0,-7.437522819842002e-14,418.81,-7.03177570093462,1754048182.8591511,2.9350684819387123,-3.2367785098524244,0.0,1754048182.8591511,map,base_link,0.05218219757080078,117.7141501903534
1754048182.9202006,3.6722688098423877,-2.0135629093443908,0.0,0.0,0.0,-0.06132531527430152,0.9981178315742624,-2.9406165003020845e-14,0.0,0.0,0.0,0.0,-7.437522819842002e-14,418.81,-7.03177570093462,1754048182.8968344,2.9350684819387123,-3.2367785098524244,0.0,1754048182.8968344,map,base_link,0.04863142967224121,117.76278162002563
1754048182.9689353,3.6722688098423877,-2.0135629093443908,0.0,0.0,0.0,-0.06132531527430152,0.9981178315742624,-2.9406165003020845e-14,0.0,0.0,0.0,0.0,-7.437522819842002e-14,418.81,-7.03177570093462,1754048182.9591668,2.9350684819387123,-3.2367785098524244,0.0,1754048182.9591668,map,base_link,0.04873466491699219,117.81151628494263
1754048183.0197816,3.6722688098423877,-2.0135629093443908,0.0,0.0,0.0,-0.06132531527430152,0.9981178315742624,-2.9406165003020845e-14,0.0,0.0,0.0,0.0,-7.437522819842002e-14,418.81,-7.03177570093462,1754048182.9968028,2.9350684819387123,-3.2367785098524244,0.0,1754048182.9968028,map,base_link,0.05084633827209473,117.86236262321472
1754048183.0690367,3.6722688098423877,-2.0135629093443908,0.0,0.0,0.0,-0.06132531527430152,0.9981178315742624,-2.9406165003020845e-14,0.0,0.0,0.0,0.0,-7.437522819842002e-14,418.81,-7.03177570093462,1754048183.0591311,2.9350684819387123,-3.2367785098524244,0.0,1754048183.0591311,map,base_link,0.0492551326751709,117.91161775588989
1754048183.1215534,3.6722688098423877,-2.0135629093443908,0.0,0.0,0.0,-0.06132531527430152,0.9981178315742624,-2.9406165003020845e-14,0.0,0.0,0.0,0.0,-7.437522819842002e-14,418.81,-7.03177570093462,1754048183.0968432,2.9350684819387123,-3.2367785098524244,0.0,1754048183.0968432,map,base_link,0.05251669883728027,117.96413445472717
1754048183.1690829,3.6722688098423877,-2.0135629093443908,0.0,0.0,0.0,-0.06132531527430152,0.9981178315742624,-2.9406165003020845e-14,0.0,0.0,0.0,0.0,-7.437522819842002e-14,418.81,-7.03177570093462,1754048183.1592233,2.9350684819387123,-3.2367785098524244,0.0,1754048183.1592233,map,base_link,0.04752945899963379,118.0116639137268
1754048183.21945,3.6722688098423877,-2.0135629093443908,0.0,0.0,0.0,-0.06132531527430152,0.9981178315742624,-2.9406165003020845e-14,0.0,0.0,0.0,0.0,-7.437522819842002e-14,418.81,-7.03177570093462,1754048183.1967914,2.9350684819387123,-3.2367785098524244,0.0,1754048183.1967914,map,base_link,0.050367116928100586,118.06203103065491
1754048183.2694025,3.6722688098423877,-2.0135629093443908,0.0,0.0,0.0,-0.06132531527430152,0.9981178315742624,-2.9406165003020845e-14,0.0,0.0,0.0,0.0,-7.437522819842002e-14,418.81,-7.03177570093462,1754048183.2592683,2.9350684819387123,-3.2367785098524244,0.0,1754048183.2592683,map,base_link,0.04995250701904297,118.11198353767395
1754048183.3189483,3.6722688098423877,-2.0135629093443908,0.0,0.0,0.0,-0.06132531527430152,0.9981178315742624,-2.9406165003020845e-14,0.0,0.0,0.0,0.0,-7.437522819842002e-14,418.81,-7.03177570093462,1754048183.2968771,2.9350684819387123,-3.2367785098524244,0.0,1754048183.2968771,map,base_link,0.0495457649230957,118.16152930259705
1754048183.3792095,3.6722688098423877,-2.0135629093443908,0.0,0.0,0.0,-0.06132531527430152,0.9981178315742624,-2.9406165003020845e-14,0.0,0.0,0.0,0.0,-7.437522819842002e-14,418.81,-7.03177570093462,1754048183.359598,2.9350684819387123,-3.2367785098524244,0.0,1754048183.359598,map,base_link,0.06026124954223633,118.22179055213928
1754048183.419325,3.6722688098423877,-2.0135629093443908,0.0,0.0,0.0,-0.06132531527430152,0.9981178315742624,-2.9406165003020845e-14,0.0,0.0,0.0,0.0,-7.437522819842002e-14,418.81,-7.03177570093462,1754048183.3968768,2.9350684819387123,-3.2367785098524244,0.0,1754048183.3968768,map,base_link,0.0401155948638916,118.26190614700317
1754048183.4690447,3.6722688098423877,-2.0135629093443908,0.0,0.0,0.0,-0.06132531527430152,0.9981178315742624,-2.9406165003020845e-14,0.0,0.0,0.0,0.0,-7.437522819842002e-14,418.81,-7.03177570093462,1754048183.4591968,2.9350684819387123,-3.2367785098524253,0.0,1754048183.4591968,map,base_link,0.04971957206726074,118.31162571907043
1754048183.519769,3.6722688098423877,-2.0135629093443908,0.0,0.0,0.0,-0.06132531527430152,0.9981178315742624,-2.9406165003020845e-14,0.0,0.0,0.0,0.0,-7.437522819842002e-14,418.81,-7.03177570093462,1754048183.4968379,2.9350684819387123,-3.2367785098524244,0.0,1754048183.4968379,map,base_link,0.05072426795959473,118.36234998703003
1754048183.5692022,3.6722688098423877,-2.0135629093443908,0.0,0.0,0.0,-0.06132531527430152,0.9981178315742624,-2.9406165003020845e-14,0.0,0.0,0.0,0.0,-7.437522819842002e-14,418.81,-7.03177570093462,1754048183.5591302,2.9350684819387123,-3.2367785098524244,0.0,1754048183.5591302,map,base_link,0.049433231353759766,118.41178321838379
1754048183.6203327,3.6722688098423877,-2.0135629093443908,0.0,0.0,0.0,-0.06132531527430152,0.9981178315742624,-2.9406165003020845e-14,0.0,0.0,0.0,0.0,-7.437522819842002e-14,418.81,-7.03177570093462,1754048183.596882,2.9350684819387123,-3.2367785098524244,0.0,1754048183.596882,map,base_link,0.05113053321838379,118.46291375160217
1754048183.668985,3.6722688098423877,-2.0135629093443908,0.0,0.0,0.0,-0.06132531527430152,0.9981178315742624,-2.9406165003020845e-14,0.0,0.0,0.0,0.0,-7.437522819842002e-14,418.81,-7.03177570093462,1754048183.659416,2.9350684819387123,-3.2367785098524244,0.0,1754048183.659416,map,base_link,0.04865217208862305,118.5115659236908
1754048183.7189837,3.6722688098423877,-2.0135629093443908,0.0,0.0,0.0,-0.06132531527430152,0.9981178315742624,-2.9406165003020845e-14,0.0,0.0,0.0,0.0,-7.437522819842002e-14,418.81,-7.03177570093462,1754048183.696805,2.9350684819387123,-3.2367785098524244,0.0,1754048183.696805,map,base_link,0.04999876022338867,118.56156468391418
1754048183.7823534,3.6722688098423877,-2.0135629093443908,0.0,0.0,0.0,-0.06132531527430152,0.9981178315742624,-2.9406165003020845e-14,0.0,0.0,0.0,0.0,-7.437522819842002e-14,418.81,-7.03177570093462,1754048183.7592416,2.9350684819387123,-3.2367785098524244,0.0,1754048183.7592416,map,base_link,0.0633697509765625,118.62493443489075
1754048183.8197184,3.6722688098423877,-2.0135629093443908,0.0,0.0,0.0,-0.06132531527430152,0.9981178315742624,-2.9406165003020845e-14,0.0,0.0,0.0,0.0,-7.437522819842002e-14,418.81,-7.03177570093462,1754048183.7968082,2.9350684819387123,-3.2367785098524244,0.0,1754048183.7968082,map,base_link,0.037364959716796875,118.66229939460754
1754048183.8690133,3.6722688098423877,-2.0135629093443908,0.0,0.0,0.0,-0.06132531527430152,0.9981178315742624,-2.9406165003020845e-14,0.0,0.0,0.0,0.0,-7.437522819842002e-14,418.81,-7.03177570093462,1754048183.8592305,2.9350684819387123,-3.2367785098524244,0.0,1754048183.8592305,map,base_link,0.04929494857788086,118.71159434318542
1754048183.922562,3.6722688098423877,-2.0135629093443908,0.0,0.0,0.0,-0.06132531527430152,0.9981178315742624,-2.9406165003020845e-14,0.0,0.0,0.0,0.0,-7.437522819842002e-14,418.81,-7.03177570093462,1754048183.896772,2.9350684819387123,-3.2367785098524244,0.0,1754048183.8842316,map,base_link,0.053548574447631836,118.76514291763306
1754048183.9692504,3.6722688098423877,-2.0135629093443908,0.0,0.0,0.0,-0.06132531527430152,0.9981178315742624,-2.9406165003020845e-14,0.0,0.0,0.0,0.0,-7.437522819842002e-14,418.81,-7.03177570093462,1754048183.9592185,2.9350684819387123,-3.2367785098524244,0.0,1754048183.9592185,map,base_link,0.04668855667114258,118.8118314743042
1754048184.0268102,3.6722688098423877,-2.0135629093443908,0.0,0.0,0.0,-0.06132531527430152,0.9981178315742624,-2.9406165003020845e-14,0.0,0.0,0.0,0.0,-7.437522819842002e-14,418.81,-7.03177570093462,1754048183.9968133,2.9350684819387123,-3.2367785098524244,0.0,1754048183.9968133,map,base_link,0.05755972862243652,118.86939120292664
1754048184.0689378,3.6722688098423877,-2.0135629093443908,0.0,0.0,0.0,-0.06132531527430152,0.9981178315742624,-2.9406165003020845e-14,0.0,0.0,0.0,0.0,-7.437522819842002e-14,418.81,-7.03177570093462,1754048184.059249,2.9350684819387123,-3.2367785098524244,0.0,1754048184.059249,map,base_link,0.04212760925292969,118.91151881217957
1754048184.1191812,3.6722688098423877,-2.0135629093443908,0.0,0.0,0.0,-0.06132531527430152,0.9981178315742624,-2.9406165003020845e-14,0.0,0.0,0.0,0.0,-7.437522819842002e-14,418.81,-7.03177570093462,1754048184.0968978,2.9350684819387123,-3.2367785098524244,0.0,1754048184.0968978,map,base_link,0.050243377685546875,118.96176218986511
1754048184.1699414,3.6722688098423877,-2.0135629093443908,0.0,0.0,0.0,-0.06132531527430152,0.9981178315742624,-2.9406165003020845e-14,0.0,0.0,0.0,0.0,-7.437522819842002e-14,418.81,-7.03177570093462,1754048184.159226,2.9350684819387123,-3.2367785098524244,0.0,1754048184.159226,map,base_link,0.05076026916503906,119.01252245903015
1754048184.221331,3.6722688098423877,-2.0135629093443908,0.0,0.0,0.0,-0.06132531527430152,0.9981178315742624,-2.9406165003020845e-14,0.0,0.0,0.0,0.0,-7.437522819842002e-14,418.81,-7.03177570093462,1754048184.1976542,2.9350684819387123,-3.2367785098524244,0.0,1754048184.1976542,map,base_link,0.051389455795288086,119.06391191482544
1754048184.2707274,3.6722688098423877,-2.0135629093443908,0.0,0.0,0.0,-0.06132531527430152,0.9981178315742624,-2.9406165003020845e-14,0.0,0.0,0.0,0.0,-7.437522819842002e-14,418.81,-7.03177570093462,1754048184.2592037,2.9350684819387123,-3.2367785098524244,0.0,1754048184.2469265,map,base_link,0.049396514892578125,119.11330842971802
1754048184.330168,3.6722688098423877,-2.0135629093443908,0.0,0.0,0.0,-0.06132531527430152,0.9981178315742624,-2.9406165003020845e-14,0.0,0.0,0.0,0.0,-7.437522819842002e-14,418.81,-7.03177570093462,1754048184.2968895,2.9350684819387123,-3.2367785098524244,0.0,1754048184.276383,map,base_link,0.05944061279296875,119.17274904251099
1754048184.3830216,3.6722688098423877,-2.0135629093443908,0.0,0.0,0.0,-0.06132531527430152,0.9981178315742624,-2.9406165003020845e-14,0.0,0.0,0.0,0.0,-7.437522819842002e-14,418.81,-7.03177570093462,1754048184.3613298,2.9350684819387123,-3.2367785098524235,0.0,1754048184.3613298,map,base_link,0.05285358428955078,119.22560262680054
1754048184.4341156,3.6722688098423877,-2.0135629093443908,0.0,0.0,0.0,-0.06132531527430152,0.9981178315742624,-2.9406165003020845e-14,0.0,0.0,0.0,0.0,-7.437522819842002e-14,418.81,-7.03177570093462,1754048184.396888,2.9350684819387123,-3.2367785098524244,0.0,1754048184.396888,map,base_link,0.05109405517578125,119.27669668197632
1754048184.4715443,3.6722688098423877,-2.0135629093443908,0.0,0.0,0.0,-0.06132531527430152,0.9981178315742624,-2.9406165003020845e-14,0.0,0.0,0.0,0.0,-7.437522819842002e-14,418.81,-7.03177570093462,1754048184.459355,2.9350684819387123,-3.2367785098524244,0.0,1754048184.4276247,map,base_link,0.03742861747741699,119.31412529945374
1754048184.521116,3.6722688098423877,-2.0135629093443908,0.0,0.0,0.0,-0.06132531527430152,0.9981178315742624,-2.9406165003020845e-14,0.0,0.0,0.0,0.0,-7.437522819842002e-14,418.81,-7.03177570093462,1754048184.4973783,2.9350684819387123,-3.2367785098524244,0.0,1754048184.4973783,map,base_link,0.04957175254821777,119.36369705200195
1754048184.5697162,3.6722688098423877,-2.0135629093443908,0.0,0.0,0.0,-0.06132531527430152,0.9981178315742624,-2.9406165003020845e-14,0.0,0.0,0.0,0.0,-7.437522819842002e-14,418.81,-7.03177570093462,1754048184.5592773,2.9350684819387123,-3.2367785098524244,0.0,1754048184.5592773,map,base_link,0.048600196838378906,119.41229724884033
1754048184.619815,3.6722688098423877,-2.0135629093443908,0.0,0.0,0.0,-0.06132531527430152,0.9981178315742624,-2.9406165003020845e-14,0.0,0.0,0.0,0.0,-7.437522819842002e-14,418.81,-7.03177570093462,1754048184.5968754,2.9350684819387123,-3.2367785098524244,0.0,1754048184.5968754,map,base_link,0.05009889602661133,119.46239614486694
1754048184.6695063,3.6722688098423877,-2.0135629093443908,0.0,0.0,0.0,-0.06132531527430152,0.9981178315742624,-2.9406165003020845e-14,0.0,0.0,0.0,0.0,-7.437522819842002e-14,418.81,-7.03177570093462,1754048184.659267,2.9350684819387123,-3.2367785098524244,0.0,1754048184.659267,map,base_link,0.049691200256347656,119.51208734512329
1754048184.7364852,3.6722688098423877,-2.0135629093443908,0.0,0.0,0.0,-0.06132531527430152,0.9981178315742624,-2.9406165003020845e-14,0.0,0.0,0.0,0.0,-7.437522819842002e-14,418.81,-7.03177570093462,1754048184.6968906,2.9350684819387123,-3.2367785098524244,0.0,1754048184.6968906,map,base_link,0.06697893142700195,119.5790662765503
1754048184.7693133,3.6722688098423877,-2.0135629093443908,0.0,0.0,0.0,-0.06132531527430152,0.9981178315742624,-2.9406165003020845e-14,0.0,0.0,0.0,0.0,-7.437522819842002e-14,418.81,-7.03177570093462,1754048184.7592783,2.9350684819387123,-3.2367785098524235,0.0,1754048184.7592783,map,base_link,0.03282809257507324,119.61189436912537
1754048184.8211174,3.6722688098423877,-2.0135629093443908,0.0,0.0,0.0,-0.06132531527430152,0.9981178315742624,-2.9406165003020845e-14,0.0,0.0,0.0,0.0,-7.437522819842002e-14,418.81,-7.03177570093462,1754048184.7968304,2.9350684819387123,-3.2367785098524244,0.0,1754048184.7968304,map,base_link,0.0518040657043457,119.66369843482971
1754048184.869509,3.6722688098423877,-2.0135629093443908,0.0,0.0,0.0,-0.06132531527430152,0.9981178315742624,-2.9406165003020845e-14,0.0,0.0,0.0,0.0,-7.437522819842002e-14,418.81,-7.03177570093462,1754048184.8593953,2.9350684819387123,-3.2367785098524244,0.0,1754048184.8593953,map,base_link,0.04839158058166504,119.71209001541138
1754048184.9194913,3.6722688098423877,-2.0135629093443908,0.0,0.0,0.0,-0.06132531527430152,0.9981178315742624,-2.9406165003020845e-14,0.0,0.0,0.0,0.0,-7.437522819842002e-14,418.81,-7.03177570093462,1754048184.8968282,2.9350684819387123,-3.2367785098524244,0.0,1754048184.8968282,map,base_link,0.049982309341430664,119.76207232475281
1754048184.973936,3.6722688098423877,-2.0135629093443908,0.0,0.0,0.0,-0.06132531527430152,0.9981178315742624,-2.9406165003020845e-14,0.0,0.0,0.0,0.0,-7.437522819842002e-14,418.81,-7.03177570093462,1754048184.9592638,2.9350684819387123,-3.2367785098524253,0.0,1754048184.9592638,map,base_link,0.05444478988647461,119.81651711463928
1754048185.0194218,3.6722688098423877,-2.0135629093443908,0.0,0.0,0.0,-0.06132531527430152,0.9981178315742624,-2.9406165003020845e-14,0.0,0.0,0.0,0.0,-7.437522819842002e-14,418.81,-7.03177570093462,1754048184.996698,2.9350684819387123,-3.2367785098524244,0.0,1754048184.996698,map,base_link,0.045485734939575195,119.86200284957886
1754048185.0691652,3.6722688098423877,-2.0135629093443908,0.0,0.0,0.0,-0.06132531527430152,0.9981178315742624,-2.9406165003020845e-14,0.0,0.0,0.0,0.0,-7.437522819842002e-14,418.81,-7.03177570093462,1754048185.0591865,2.9350684819387123,-3.2367785098524244,0.0,1754048185.0591865,map,base_link,0.0497434139251709,119.91174626350403
1754048185.1325848,3.6722688098423877,-2.0135629093443908,0.0,0.0,0.0,-0.06132531527430152,0.9981178315742624,-2.9406165003020845e-14,0.0,0.0,0.0,0.0,-7.437522819842002e-14,418.81,-7.03177570093462,1754048185.096856,2.9350684819387123,-3.2367785098524244,0.0,1754048185.096856,map,base_link,0.06341958045959473,119.97516584396362
1754048185.1691816,3.6722688098423877,-2.0135629093443908,0.0,0.0,0.0,-0.06132531527430152,0.9981178315742624,-2.9406165003020845e-14,0.0,0.0,0.0,0.0,-7.437522819842002e-14,418.81,-7.03177570093462,1754048185.1592026,2.9350684819387123,-3.2367785098524244,0.0,1754048185.1592026,map,base_link,0.03659677505493164,120.01176261901855
1754048185.2220542,3.6722688098423877,-2.0135629093443908,0.0,0.0,0.0,-0.06132531527430152,0.9981178315742624,-2.9406165003020845e-14,0.0,0.0,0.0,0.0,-7.437522819842002e-14,418.81,-7.03177570093462,1754048185.1967614,2.9350684819387123,-3.2367785098524244,0.0,1754048185.1967614,map,base_link,0.052872657775878906,120.06463527679443
1754048185.2691371,3.6722688098423877,-2.0135629093443908,0.0,0.0,0.0,-0.06132531527430152,0.9981178315742624,-2.9406165003020845e-14,0.0,0.0,0.0,0.0,-7.437522819842002e-14,418.81,-7.03177570093462,1754048185.2592192,2.9350684819387123,-3.2367785098524244,0.0,1754048185.2592192,map,base_link,0.04708290100097656,120.11171817779541
1754048185.3191514,3.6722688098423877,-2.0135629093443908,0.0,0.0,0.0,-0.06132531527430152,0.9981178315742624,-2.9406165003020845e-14,0.0,0.0,0.0,0.0,-7.437522819842002e-14,418.81,-7.03177570093462,1754048185.2968264,2.9350684819387123,-3.2367785098524244,0.0,1754048185.2968264,map,base_link,0.05001425743103027,120.16173243522644
1754048185.3697548,3.6722688098423877,-2.0135629093443908,0.0,0.0,0.0,-0.06132531527430152,0.9981178315742624,-2.9406165003020845e-14,0.0,0.0,0.0,0.0,-7.437522819842002e-14,418.81,-7.03177570093462,1754048185.360205,2.9350684819387123,-3.2367785098524244,0.0,1754048185.360205,map,base_link,0.050603389739990234,120.21233582496643
1754048185.419485,3.6722688098423877,-2.0135629093443908,0.0,0.0,0.0,-0.06132531527430152,0.9981178315742624,-2.9406165003020845e-14,0.0,0.0,0.0,0.0,-7.437522819842002e-14,418.81,-7.03177570093462,1754048185.3968885,2.9350684819387123,-3.2367785098524244,0.0,1754048185.3968885,map,base_link,0.04973030090332031,120.26206612586975
1754048185.4700618,3.6722688098423877,-2.0135629093443908,0.0,0.0,0.0,-0.06132531527430152,0.9981178315742624,-2.9406165003020845e-14,0.0,0.0,0.0,0.0,-7.437522819842002e-14,418.81,-7.03177570093462,1754048185.4591665,2.9350684819387123,-3.2367785098524244,0.0,1754048185.4591665,map,base_link,0.05057668685913086,120.31264281272888
1754048185.5197406,3.6722688098423877,-2.0135629093443908,0.0,0.0,0.0,-0.06132531527430152,0.9981178315742624,-2.9406165003020845e-14,0.0,0.0,0.0,0.0,-7.437522819842002e-14,418.81,-7.03177570093462,1754048185.4968429,2.9350684819387123,-3.2367785098524244,0.0,1754048185.4968429,map,base_link,0.049678802490234375,120.36232161521912
1754048185.5689542,3.6722688098423877,-2.0135629093443908,0.0,0.0,0.0,-0.06132531527430152,0.9981178315742624,-2.9406165003020845e-14,0.0,0.0,0.0,0.0,-7.437522819842002e-14,418.81,-7.03177570093462,1754048185.5602992,2.9350684819387123,-3.2367785098524244,0.0,1754048185.5602992,map,base_link,0.04921364784240723,120.41153526306152
1754048185.6242425,3.6722688098423877,-2.0135629093443908,0.0,0.0,0.0,-0.06132531527430152,0.9981178315742624,-2.9406165003020845e-14,0.0,0.0,0.0,0.0,-7.437522819842002e-14,418.81,-7.03177570093462,1754048185.5968382,2.9350684819387123,-3.2367785098524244,0.0,1754048185.5968382,map,base_link,0.05528831481933594,120.46682357788086
1754048185.6694663,3.6722688098423877,-2.0135629093443908,0.0,0.0,0.0,-0.06132531527430152,0.9981178315742624,-2.9406165003020845e-14,0.0,0.0,0.0,0.0,-7.437522819842002e-14,418.81,-7.03177570093462,1754048185.6591592,2.9350684819387123,-3.2367785098524244,0.0,1754048185.6591592,map,base_link,0.04522371292114258,120.512047290802
1754048185.7215686,3.6722688098423877,-2.0135629093443908,0.0,0.0,0.0,-0.06132531527430152,0.9981178315742624,-2.9406165003020845e-14,0.0,0.0,0.0,0.0,-7.437522819842002e-14,418.81,-7.03177570093462,1754048185.6968472,2.9350684819387123,-3.2367785098524244,0.0,1754048185.6968472,map,base_link,0.05210232734680176,120.5641496181488
1754048185.7690196,3.6722688098423877,-2.0135629093443908,0.0,0.0,0.0,-0.06132531527430152,0.9981178315742624,-2.9406165003020845e-14,0.0,0.0,0.0,0.0,-7.437522819842002e-14,418.81,-7.03177570093462,1754048185.7593248,2.9350684819387123,-3.2367785098524244,0.0,1754048185.7593248,map,base_link,0.047451019287109375,120.61160063743591
1754048185.8195393,3.6722688098423877,-2.0135629093443908,0.0,0.0,0.0,-0.06132531527430152,0.9981178315742624,-2.9406165003020845e-14,0.0,0.0,0.0,0.0,-7.437522819842002e-14,418.81,-7.03177570093462,1754048185.796814,2.9350684819387123,-3.2367785098524244,0.0,1754048185.796814,map,base_link,0.050519704818725586,120.66212034225464
1754048185.877797,3.6722688098423877,-2.0135629093443908,0.0,0.0,0.0,-0.06132531527430152,0.9981178315742624,-2.9406165003020845e-14,0.0,0.0,0.0,0.0,-7.437522819842002e-14,418.81,-7.03177570093462,1754048185.8467238,2.9350684819387123,-3.2367785098524244,0.0,1754048185.8467238,map,base_link,0.0582575798034668,120.7203779220581
1754048185.9194434,3.6722688098423877,-2.0135629093443908,0.0,0.0,0.0,-0.06132531527430152,0.9981178315742624,-2.9406165003020845e-14,0.0,0.0,0.0,0.0,-7.437522819842002e-14,418.81,-7.03177570093462,1754048185.8967323,2.9350684819387123,-3.2367785098524244,0.0,1754048185.8967323,map,base_link,0.041646480560302734,120.76202440261841
1754048185.96937,3.6722688098423877,-2.0135629093443908,0.0,0.0,0.0,-0.06132531527430152,0.9981178315742624,-2.9406165003020845e-14,0.0,0.0,0.0,0.0,-7.437522819842002e-14,418.81,-7.03177570093462,1754048185.9596639,2.9350684819387123,-3.2367785098524244,0.0,1754048185.9596639,map,base_link,0.0499265193939209,120.81195092201233
1754048186.0195038,3.6722688098423877,-2.0135629093443908,0.0,0.0,0.0,-0.06132531527430152,0.9981178315742624,-2.9406165003020845e-14,0.0,0.0,0.0,0.0,-7.437522819842002e-14,418.81,-7.03177570093462,1754048185.9969163,2.9350684819387123,-3.2367785098524244,0.0,1754048185.9969163,map,base_link,0.05013394355773926,120.86208486557007
1754048186.0693376,3.6722688098423877,-2.0135629093443908,0.0,0.0,0.0,-0.06132531527430152,0.9981178315742624,-2.9406165003020845e-14,0.0,0.0,0.0,0.0,-7.437522819842002e-14,418.81,-7.03177570093462,1754048186.0591989,2.9350684819387123,-3.2367785098524253,0.0,1754048186.0591989,map,base_link,0.04983377456665039,120.91191864013672
1754048186.121972,3.6722688098423877,-2.0135629093443908,0.0,0.0,0.0,-0.06132531527430152,0.9981178315742624,-2.9406165003020845e-14,0.0,0.0,0.0,0.0,-7.437522819842002e-14,418.81,-7.03177570093462,1754048186.096841,2.9350684819387123,-3.2367785098524244,0.0,1754048186.096841,map,base_link,0.052634477615356445,120.96455311775208
1754048186.169271,3.6722688098423877,-2.0135629093443908,0.0,0.0,0.0,-0.06132531527430152,0.9981178315742624,-2.9406165003020845e-14,0.0,0.0,0.0,0.0,-7.437522819842002e-14,418.81,-7.03177570093462,1754048186.1594276,2.9350684819387123,-3.2367785098524244,0.0,1754048186.1594276,map,base_link,0.04729890823364258,121.01185202598572
1754048186.2281988,3.6722688098423877,-2.0135629093443908,0.0,0.0,0.0,-0.06132531527430152,0.9981178315742624,-2.9406165003020845e-14,0.0,0.0,0.0,0.0,-7.437522819842002e-14,418.81,-7.03177570093462,1754048186.196875,2.9350684819387123,-3.2367785098524244,0.0,1754048186.196875,map,base_link,0.05892777442932129,121.07077980041504
1754048186.2692423,3.6722688098423877,-2.0135629093443908,0.0,0.0,0.0,-0.06132531527430152,0.9981178315742624,-2.9406165003020845e-14,0.0,0.0,0.0,0.0,-7.437522819842002e-14,418.81,-7.03177570093462,1754048186.2592022,2.9350684819387123,-3.2367785098524253,0.0,1754048186.2592022,map,base_link,0.04104351997375488,121.1118233203888
1754048186.3191333,3.6722688098423877,-2.0135629093443908,0.0,0.0,0.0,-0.06132531527430152,0.9981178315742624,-2.9406165003020845e-14,0.0,0.0,0.0,0.0,-7.437522819842002e-14,418.81,-7.03177570093462,1754048186.2967746,2.9350684819387123,-3.2367785098524244,0.0,1754048186.2967746,map,base_link,0.049890995025634766,121.16171431541443
1754048186.3703344,3.6722688098423877,-2.0135629093443908,0.0,0.0,0.0,-0.06132531527430152,0.9981178315742624,-2.9406165003020845e-14,0.0,0.0,0.0,0.0,-7.437522819842002e-14,418.81,-7.03177570093462,1754048186.3593323,2.9350684819387123,-3.2367785098524244,0.0,1754048186.3593323,map,base_link,0.05120110511779785,121.21291542053223
1754048186.4206579,3.6722688098423877,-2.0135629093443908,0.0,0.0,0.0,-0.06132531527430152,0.9981178315742624,-2.9406165003020845e-14,0.0,0.0,0.0,0.0,-7.437522819842002e-14,418.81,-7.03177570093462,1754048186.3970938,2.9350684819387123,-3.2367785098524244,0.0,1754048186.3970938,map,base_link,0.050323486328125,121.26323890686035
1754048186.4704232,3.6722688098423877,-2.0135629093443908,0.0,0.0,0.0,-0.06132531527430152,0.9981178315742624,-2.9406165003020845e-14,0.0,0.0,0.0,0.0,-7.437522819842002e-14,418.81,-7.03177570093462,1754048186.4595346,2.9350684819387123,-3.2367785098524244,0.0,1754048186.4595346,map,base_link,0.04976534843444824,121.3130042552948
1754048186.5291553,3.6722688098423877,-2.0135629093443908,0.0,0.0,0.0,-0.06132531527430152,0.9981178315742624,-2.9406165003020845e-14,0.0,0.0,0.0,0.0,-7.437522819842002e-14,418.81,-7.03177570093462,1754048186.496842,2.9350684819387123,-3.2367785098524244,0.0,1754048186.496842,map,base_link,0.058732032775878906,121.37173628807068
1754048186.569524,3.6722688098423877,-2.0135629093443908,0.0,0.0,0.0,-0.06132531527430152,0.9981178315742624,-2.9406165003020845e-14,0.0,0.0,0.0,0.0,-7.437522819842002e-14,418.81,-7.03177570093462,1754048186.5594056,2.9350684819387123,-3.2367785098524244,0.0,1754048186.5594056,map,base_link,0.04036879539489746,121.41210508346558
1754048186.626176,3.6722688098423877,-2.0135629093443908,0.0,0.0,0.0,-0.06132531527430152,0.9981178315742624,-2.9406165003020845e-14,0.0,0.0,0.0,0.0,-7.437522819842002e-14,418.81,-7.03177570093462,1754048186.5971646,2.9350684819387123,-3.2367785098524244,0.0,1754048186.5971646,map,base_link,0.056652069091796875,121.46875715255737
1754048186.6691024,3.6722688098423877,-2.0135629093443908,0.0,0.0,0.0,-0.06132531527430152,0.9981178315742624,-2.9406165003020845e-14,0.0,0.0,0.0,0.0,-7.437522819842002e-14,418.81,-7.03177570093462,1754048186.659323,2.9350684819387123,-3.2367785098524244,0.0,1754048186.659323,map,base_link,0.04292631149291992,121.5116834640503
1754048186.71922,3.6722688098423877,-2.0135629093443908,0.0,0.0,0.0,-0.06132531527430152,0.9981178315742624,-2.9406165003020845e-14,0.0,0.0,0.0,0.0,-7.437522819842002e-14,418.81,-7.03177570093462,1754048186.6969533,2.9350684819387123,-3.2367785098524244,0.0,1754048186.6969533,map,base_link,0.05011749267578125,121.56180095672607
1754048186.7729506,3.6722688098423877,-2.0135629093443908,0.0,0.0,0.0,-0.06132531527430152,0.9981178315742624,-2.9406165003020845e-14,0.0,0.0,0.0,0.0,-7.437522819842002e-14,418.81,-7.03177570093462,1754048186.7592647,2.9350684819387123,-3.2367785098524244,0.0,1754048186.7592647,map,base_link,0.05373072624206543,121.61553168296814
1754048186.820614,3.6722688098423877,-2.0135629093443908,0.0,0.0,0.0,-0.06132531527430152,0.9981178315742624,-2.9406165003020845e-14,0.0,0.0,0.0,0.0,-7.437522819842002e-14,418.81,-7.03177570093462,1754048186.7969043,2.9350684819387123,-3.2367785098524244,0.0,1754048186.7969043,map,base_link,0.04766345024108887,121.66319513320923
1754048186.8691726,3.6722688098423877,-2.0135629093443908,0.0,0.0,0.0,-0.06132531527430152,0.9981178315742624,-2.9406165003020845e-14,0.0,0.0,0.0,0.0,-7.437522819842002e-14,418.81,-7.03177570093462,1754048186.85926,2.9350684819387123,-3.2367785098524244,0.0,1754048186.85926,map,base_link,0.04855847358703613,121.71175360679626
1754048186.9193888,3.6722688098423877,-2.0135629093443908,0.0,0.0,0.0,-0.06132531527430152,0.9981178315742624,-2.9406165003020845e-14,0.0,0.0,0.0,0.0,-7.437522819842002e-14,418.81,-7.03177570093462,1754048186.8969083,2.9350684819387123,-3.2367785098524244,0.0,1754048186.8969083,map,base_link,0.0502161979675293,121.7619698047638
1754048186.9692578,3.6722688098423877,-2.0135629093443908,0.0,0.0,0.0,-0.06132531527430152,0.9981178315742624,-2.9406165003020845e-14,0.0,0.0,0.0,0.0,-7.437522819842002e-14,418.81,-7.03177570093462,1754048186.9592686,2.9350684819387123,-3.2367785098524244,0.0,1754048186.9592686,map,base_link,0.04986906051635742,121.81183886528015
1754048187.037285,3.6722688098423877,-2.0135629093443908,0.0,0.0,0.0,-0.06132531527430152,0.9981178315742624,-2.9406165003020845e-14,0.0,0.0,0.0,0.0,-7.437522819842002e-14,418.81,-7.03177570093462,1754048186.996789,2.9350684819387123,-3.2367785098524244,0.0,1754048186.996789,map,base_link,0.06802725791931152,121.87986612319946
1754048187.0692155,3.6722688098423877,-2.0135629093443908,0.0,0.0,0.0,-0.06132531527430152,0.9981178315742624,-2.9406165003020845e-14,0.0,0.0,0.0,0.0,-7.437522819842002e-14,418.81,-7.03177570093462,1754048187.0590692,2.9350684819387123,-3.2367785098524244,0.0,1754048187.0590692,map,base_link,0.03193044662475586,121.91179656982422
1754048187.1193798,3.6722688098423877,-2.0135629093443908,0.0,0.0,0.0,-0.06132531527430152,0.9981178315742624,-2.9406165003020845e-14,0.0,0.0,0.0,0.0,-7.437522819842002e-14,418.81,-7.03177570093462,1754048187.0979118,2.9350684819387123,-3.2367785098524244,0.0,1754048187.0979118,map,base_link,0.050164222717285156,121.9619607925415
1754048187.169315,3.6722688098423877,-2.0135629093443908,0.0,0.0,0.0,-0.06132531527430152,0.9981178315742624,-2.9406165003020845e-14,0.0,0.0,0.0,0.0,-7.437522819842002e-14,418.81,-7.03177570093462,1754048187.1593766,2.9350684819387123,-3.2367785098524244,0.0,1754048187.1593766,map,base_link,0.049935340881347656,122.01189613342285
1754048187.2194517,3.6722688098423877,-2.0135629093443908,0.0,0.0,0.0,-0.06132531527430152,0.9981178315742624,-2.9406165003020845e-14,0.0,0.0,0.0,0.0,-7.437522819842002e-14,418.81,-7.03177570093462,1754048187.196816,2.9350684819387123,-3.2367785098524244,0.0,1754048187.196816,map,base_link,0.050136566162109375,122.06203269958496
1754048187.2769291,3.6722688098423877,-2.0135629093443908,0.0,0.0,0.0,-0.06132531527430152,0.9981178315742624,-2.9406165003020845e-14,0.0,0.0,0.0,0.0,-7.437522819842002e-14,418.81,-7.03177570093462,1754048187.2619529,2.9350684819387123,-3.2367785098524244,0.0,1754048187.2619529,map,base_link,0.057477474212646484,122.11951017379761
1754048187.3195708,3.6722688098423877,-2.0135629093443908,0.0,0.0,0.0,-0.06132531527430152,0.9981178315742624,-2.9406165003020845e-14,0.0,0.0,0.0,0.0,-7.437522819842002e-14,418.81,-7.03177570093462,1754048187.2968705,2.9350684819387123,-3.2367785098524244,0.0,1754048187.2968705,map,base_link,0.042641639709472656,122.16215181350708
1754048187.3690848,3.6722688098423877,-2.0135629093443908,0.0,0.0,0.0,-0.06132531527430152,0.9981178315742624,-2.9406165003020845e-14,0.0,0.0,0.0,0.0,-7.437522819842002e-14,418.81,-7.03177570093462,1754048187.359191,2.9350684819387123,-3.2367785098524244,0.0,1754048187.359191,map,base_link,0.049514055252075195,122.21166586875916
1754048187.4194584,3.6722688098423877,-2.0135629093443908,0.0,0.0,0.0,-0.06132531527430152,0.9981178315742624,-2.9406165003020845e-14,0.0,0.0,0.0,0.0,-7.437522819842002e-14,418.81,-7.03177570093462,1754048187.396862,2.9350684819387123,-3.2367785098524244,0.0,1754048187.396862,map,base_link,0.05037355422973633,122.26203942298889
1754048187.4690852,3.6722688098423877,-2.0135629093443908,0.0,0.0,0.0,-0.06132531527430152,0.9981178315742624,-2.9406165003020845e-14,0.0,0.0,0.0,0.0,-7.437522819842002e-14,418.81,-7.03177570093462,1754048187.459716,2.9350684819387123,-3.2367785098524244,0.0,1754048187.459716,map,base_link,0.049626827239990234,122.31166625022888
1754048187.5501072,3.6722688098423877,-2.0135629093443908,0.0,0.0,0.0,-0.06132531527430152,0.9981178315742624,-2.9406165003020845e-14,0.0,0.0,0.0,0.0,-7.437522819842002e-14,418.81,-7.03177570093462,1754048187.4975054,2.9350684819387123,-3.2367785098524244,0.0,1754048187.4975054,map,base_link,0.08102202415466309,122.39268827438354
1754048187.5716286,3.6722688098423877,-2.0135629093443908,0.0,0.0,0.0,-0.06132531527430152,0.9981178315742624,-2.9406165003020845e-14,0.0,0.0,0.0,0.0,-7.437522819842002e-14,418.81,-7.03177570093462,1754048187.5604446,2.9350684819387123,-3.2367785098524244,0.0,1754048187.534757,map,base_link,0.021521329879760742,122.4142096042633
1754048187.6199336,3.6722688098423877,-2.0135629093443908,0.0,0.0,0.0,-0.06132531527430152,0.9981178315742624,-2.9406165003020845e-14,0.0,0.0,0.0,0.0,-7.437522819842002e-14,418.81,-7.03177570093462,1754048187.5970013,2.9350684819387123,-3.2367785098524244,0.0,1754048187.5970013,map,base_link,0.04830503463745117,122.46251463890076
1754048187.672141,3.6722688098423877,-2.0135629093443908,0.0,0.0,0.0,-0.06132531527430152,0.9981178315742624,-2.9406165003020845e-14,0.0,0.0,0.0,0.0,-7.437522819842002e-14,418.81,-7.03177570093462,1754048187.6629145,2.9350684819387123,-3.2367785098524244,0.0,1754048187.6629145,map,base_link,0.05220746994018555,122.51472210884094
1754048187.7194064,3.6722688098423877,-2.0135629093443908,0.0,0.0,0.0,-0.06132531527430152,0.9981178315742624,-2.9406165003020845e-14,0.0,0.0,0.0,0.0,-7.437522819842002e-14,418.81,-7.03177570093462,1754048187.6968615,2.9350684819387123,-3.2367785098524244,0.0,1754048187.6968615,map,base_link,0.04726529121398926,122.56198740005493
1754048187.7692416,3.6722688098423877,-2.0135629093443908,0.0,0.0,0.0,-0.06132531527430152,0.9981178315742624,-2.9406165003020845e-14,0.0,0.0,0.0,0.0,-7.437522819842002e-14,418.81,-7.03177570093462,1754048187.762513,2.9350684819387123,-3.2367785098524244,0.0,1754048187.762513,map,base_link,0.049835205078125,122.61182260513306
1754048187.82332,3.6722688098423877,-2.0135629093443908,0.0,0.0,0.0,-0.06132531527430152,0.9981178315742624,-2.9406165003020845e-14,0.0,0.0,0.0,0.0,-7.437522819842002e-14,418.81,-7.03177570093462,1754048187.7968085,2.9350684819387123,-3.2367785098524244,0.0,1754048187.7968085,map,base_link,0.05407834053039551,122.66590094566345
1754048187.8691943,3.6722688098423877,-2.0135629093443908,0.0,0.0,0.0,-0.06132531527430152,0.9981178315742624,-2.9406165003020845e-14,0.0,0.0,0.0,0.0,-7.437522819842002e-14,418.81,-7.03177570093462,1754048187.8593173,2.9350684819387123,-3.2367785098524244,0.0,1754048187.8593173,map,base_link,0.04587435722351074,122.71177530288696
1754048187.9251053,3.6722688098423877,-2.0135629093443908,0.0,0.0,0.0,-0.06132531527430152,0.9981178315742624,-2.9406165003020845e-14,0.0,0.0,0.0,0.0,-7.437522819842002e-14,418.81,-7.03177570093462,1754048187.8968475,2.9350684819387123,-3.2367785098524244,0.0,1754048187.8968475,map,base_link,0.05591106414794922,122.76768636703491
1754048187.9697716,3.6722688098423877,-2.0135629093443908,0.0,0.0,0.0,-0.06132531527430152,0.9981178315742624,-2.9406165003020845e-14,0.0,0.0,0.0,0.0,-7.437522819842002e-14,418.81,-7.03177570093462,1754048187.959665,2.9350684819387123,-3.2367785098524244,0.0,1754048187.959665,map,base_link,0.044666290283203125,122.81235265731812
1754048188.019818,3.6722688098423877,-2.0135629093443908,0.0,0.0,0.0,-0.06132531527430152,0.9981178315742624,-2.9406165003020845e-14,0.0,0.0,0.0,0.0,-7.437522819842002e-14,418.81,-7.03177570093462,1754048187.9967427,2.9350684819387123,-3.2367785098524244,0.0,1754048187.9967427,map,base_link,0.050046443939208984,122.86239910125732
1754048188.0828714,3.6722688098423877,-2.0135629093443908,0.0,0.0,0.0,-0.06132531527430152,0.9981178315742624,-2.9406165003020845e-14,0.0,0.0,0.0,0.0,-7.437522819842002e-14,418.81,-7.03177570093462,1754048188.0591886,2.9350684819387123,-3.2367785098524244,0.0,1754048188.0591886,map,base_link,0.06305336952209473,122.92545247077942
1754048188.1192698,3.6722688098423877,-2.0135629093443908,0.0,0.0,0.0,-0.06132531527430152,0.9981178315742624,-2.9406165003020845e-14,0.0,0.0,0.0,0.0,-7.437522819842002e-14,418.81,-7.03177570093462,1754048188.0967991,2.9350684819387123,-3.2367785098524244,0.0,1754048188.0967991,map,base_link,0.03639841079711914,122.96185088157654
1754048188.1699388,3.6722688098423877,-2.0135629093443908,0.0,0.0,0.0,-0.06132531527430152,0.9981178315742624,-2.9406165003020845e-14,0.0,0.0,0.0,0.0,-7.437522819842002e-14,418.81,-7.03177570093462,1754048188.1594505,2.9350684819387123,-3.2367785098524244,0.0,1754048188.1594505,map,base_link,0.050668954849243164,123.01251983642578
1754048188.2193456,3.6722688098423877,-2.0135629093443908,0.0,0.0,0.0,-0.06132531527430152,0.9981178315742624,-2.9406165003020845e-14,0.0,0.0,0.0,0.0,-7.437522819842002e-14,418.81,-7.03177570093462,1754048188.1968095,2.9350684819387123,-3.2367785098524244,0.0,1754048188.1968095,map,base_link,0.04940676689147949,123.06192660331726
1754048188.2691424,3.6722688098423877,-2.0135629093443908,0.0,0.0,0.0,-0.06132531527430152,0.9981178315742624,-2.9406165003020845e-14,0.0,0.0,0.0,0.0,-7.437522819842002e-14,418.81,-7.03177570093462,1754048188.2592614,2.9350684819387123,-3.2367785098524244,0.0,1754048188.2592614,map,base_link,0.04979681968688965,123.11172342300415
1754048188.3276553,3.6722688098423877,-2.0135629093443908,0.0,0.0,0.0,-0.06132531527430152,0.9981178315742624,-2.9406165003020845e-14,0.0,0.0,0.0,0.0,-7.437522819842002e-14,418.81,-7.03177570093462,1754048188.2967572,2.9350684819387123,-3.2367785098524244,0.0,1754048188.2967572,map,base_link,0.05851292610168457,123.17023634910583
1754048188.369308,3.6722688098423877,-2.0135629093443908,0.0,0.0,0.0,-0.06132531527430152,0.9981178315742624,-2.9406165003020845e-14,0.0,0.0,0.0,0.0,-7.437522819842002e-14,418.81,-7.03177570093462,1754048188.3594306,2.9350684819387123,-3.2367785098524244,0.0,1754048188.3594306,map,base_link,0.041652679443359375,123.2118890285492
1754048188.4190426,3.6722688098423877,-2.0135629093443908,0.0,0.0,0.0,-0.06132531527430152,0.9981178315742624,-2.9406165003020845e-14,0.0,0.0,0.0,0.0,-7.437522819842002e-14,418.81,-7.03177570093462,1754048188.396715,2.9350684819387123,-3.2367785098524244,0.0,1754048188.396715,map,base_link,0.04973459243774414,123.26162362098694
1754048188.4707332,3.6722688098423877,-2.0135629093443908,0.0,0.0,0.0,-0.06132531527430152,0.9981178315742624,-2.9406165003020845e-14,0.0,0.0,0.0,0.0,-7.437522819842002e-14,418.81,-7.03177570093462,1754048188.4595637,2.9350684819387123,-3.2367785098524244,0.0,1754048188.4479938,map,base_link,0.05169057846069336,123.31331419944763
1754048188.5194275,3.6722688098423877,-2.0135629093443908,0.0,0.0,0.0,-0.06132531527430152,0.9981178315742624,-2.9406165003020845e-14,0.0,0.0,0.0,0.0,-7.437522819842002e-14,418.81,-7.03177570093462,1754048188.4969196,2.9350684819387123,-3.2367785098524244,0.0,1754048188.4969196,map,base_link,0.04869437217712402,123.36200857162476
1754048188.5791125,3.6722688098423877,-2.0135629093443908,0.0,0.0,0.0,-0.06132531527430152,0.9981178315742624,-2.9406165003020845e-14,0.0,0.0,0.0,0.0,-7.437522819842002e-14,418.81,-7.03177570093462,1754048188.5606353,2.9350684819387123,-3.2367785098524244,0.0,1754048188.5606353,map,base_link,0.05968499183654785,123.4216935634613
1754048188.619254,3.6722688098423877,-2.0135629093443908,0.0,0.0,0.0,-0.06132531527430152,0.9981178315742624,-2.9406165003020845e-14,0.0,0.0,0.0,0.0,-7.437522819842002e-14,418.81,-7.03177570093462,1754048188.5968297,2.9350684819387123,-3.2367785098524244,0.0,1754048188.5968297,map,base_link,0.04014158248901367,123.46183514595032
1754048188.6690907,3.6722688098423877,-2.0135629093443908,0.0,0.0,0.0,-0.06132531527430152,0.9981178315742624,-2.9406165003020845e-14,0.0,0.0,0.0,0.0,-7.437522819842002e-14,418.81,-7.03177570093462,1754048188.6591291,2.9350684819387123,-3.2367785098524244,0.0,1754048188.6591291,map,base_link,0.04983663558959961,123.51167178153992
1754048188.7214339,3.6722688098423877,-2.0135629093443908,0.0,0.0,0.0,-0.06132531527430152,0.9981178315742624,-2.9406165003020845e-14,0.0,0.0,0.0,0.0,-7.437522819842002e-14,418.81,-7.03177570093462,1754048188.6968064,2.9350684819387123,-3.2367785098524244,0.0,1754048188.6968064,map,base_link,0.052343130111694336,123.56401491165161
1754048188.769433,3.6722688098423877,-2.0135629093443908,0.0,0.0,0.0,-0.06132531527430152,0.9981178315742624,-2.9406165003020845e-14,0.0,0.0,0.0,0.0,-7.437522819842002e-14,418.81,-7.03177570093462,1754048188.7592754,2.9350684819387123,-3.2367785098524244,0.0,1754048188.7592754,map,base_link,0.04799914360046387,123.61201405525208
1754048188.8322577,3.6722688098423877,-2.0135629093443908,0.0,0.0,0.0,-0.06132531527430152,0.9981178315742624,-2.9406165003020845e-14,0.0,0.0,0.0,0.0,-7.437522819842002e-14,418.81,-7.03177570093462,1754048188.796827,2.9350684819387123,-3.2367785098524244,0.0,1754048188.796827,map,base_link,0.06282472610473633,123.67483878135681
1754048188.8691623,3.6722688098423877,-2.0135629093443908,0.0,0.0,0.0,-0.06132531527430152,0.9981178315742624,-2.9406165003020845e-14,0.0,0.0,0.0,0.0,-7.437522819842002e-14,418.81,-7.03177570093462,1754048188.8593059,2.9350684819387123,-3.2367785098524244,0.0,1754048188.8593059,map,base_link,0.03690457344055176,123.71174335479736
1754048188.9192839,3.6722688098423877,-2.0135629093443908,0.0,0.0,0.0,-0.06132531527430152,0.9981178315742624,-2.9406165003020845e-14,0.0,0.0,0.0,0.0,-7.437522819842002e-14,418.81,-7.03177570093462,1754048188.8967228,2.9350684819387123,-3.2367785098524244,0.0,1754048188.8967228,map,base_link,0.05012154579162598,123.76186490058899
1754048188.969615,3.6722688098423877,-2.0135629093443908,0.0,0.0,0.0,-0.06132531527430152,0.9981178315742624,-2.9406165003020845e-14,0.0,0.0,0.0,0.0,-7.437522819842002e-14,418.81,-7.03177570093462,1754048188.9593284,2.9350684819387123,-3.2367785098524244,0.0,1754048188.9593284,map,base_link,0.05033111572265625,123.81219601631165
1754048189.019659,3.6722688098423877,-2.0135629093443908,0.0,0.0,0.0,-0.06132531527430152,0.9981178315742624,-2.9406165003020845e-14,0.0,0.0,0.0,0.0,-7.437522819842002e-14,418.81,-7.03177570093462,1754048188.9967546,2.9350684819387123,-3.2367785098524244,0.0,1754048188.9967546,map,base_link,0.05004405975341797,123.86224007606506
1754048189.1089919,3.6722688098423877,-2.0135629093443908,0.0,0.0,0.0,-0.06132531527430152,0.9981178315742624,-2.9406165003020845e-14,0.0,0.0,0.0,0.0,-7.437522819842002e-14,418.81,-7.03177570093462,1754048189.0594935,2.9350684819387123,-3.2367785098524244,0.0,1754048189.0594935,map,base_link,0.08933281898498535,123.95157289505005
1754048189.158203,3.6722688098423877,-2.0135629093443908,0.0,0.0,0.0,-0.06132531527430152,0.9981178315742624,-2.9406165003020845e-14,0.0,0.0,0.0,0.0,-7.437522819842002e-14,418.81,-7.03177570093462,1754048189.0932956,2.9350684819387123,-3.2367785098524244,0.0,1754048189.0594935,map,base_link,0.04921102523803711,124.00078392028809
1754048189.1750674,3.6722688098423877,-2.0135629093443908,0.0,0.0,0.0,-0.06132531527430152,0.9981178315742624,-2.9406165003020845e-14,0.0,0.0,0.0,0.0,-7.437522819842002e-14,418.81,-7.03177570093462,1754048189.1065319,2.9350684819387123,-3.2367785098524244,0.0,1754048189.0594935,map,base_link,0.016864538192749023,124.01764845848083
1754048189.2342138,3.6722688098423877,-2.0135629093443908,0.0,0.0,0.0,-0.06132531527430152,0.9981178315742624,-2.9406165003020845e-14,0.0,0.0,0.0,0.0,-7.437522819842002e-14,418.81,-7.03177570093462,1754048189.1474056,2.9350684819387123,-3.2367785098524244,0.0,1754048189.0932956,map,base_link,0.05914640426635742,124.07679486274719
1754048189.271091,3.6722688098423877,-2.0135629093443908,0.0,0.0,0.0,-0.06132531527430152,0.9981178315742624,-2.9406165003020845e-14,0.0,0.0,0.0,0.0,-7.437522819842002e-14,418.81,-7.03177570093462,1754048189.2600079,2.9350684819387123,-3.2367785098524244,0.0,1754048189.1474056,map,base_link,0.03687715530395508,124.11367201805115
1754048189.3287778,3.6722688098423877,-2.0135629093443908,0.0,0.0,0.0,-0.06132531527430152,0.9981178315742624,-2.9406165003020845e-14,0.0,0.0,0.0,0.0,-7.437522819842002e-14,418.81,-7.03177570093462,1754048189.2987268,2.9350684819387123,-3.2367785098524244,0.0,1754048189.184663,map,base_link,0.057686805725097656,124.17135882377625
1754048189.372918,3.6722688098423877,-2.0135629093443908,0.0,0.0,0.0,-0.06132531527430152,0.9981178315742624,-2.9406165003020845e-14,0.0,0.0,0.0,0.0,-7.437522819842002e-14,418.81,-7.03177570093462,1754048189.360105,2.9350684819387123,-3.2367785098524244,0.0,1754048189.2600079,map,base_link,0.04414010047912598,124.21549892425537
1754048189.4190428,3.6722688098423877,-2.0135629093443908,0.0,0.0,0.0,-0.06132531527430152,0.9981178315742624,-2.9406165003020845e-14,0.0,0.0,0.0,0.0,-7.437522819842002e-14,418.81,-7.03177570093462,1754048189.3978488,2.9350684819387123,-3.2367785098524244,0.0,1754048189.3218057,map,base_link,0.046124935150146484,124.26162385940552
1754048189.4719088,3.6722688098423877,-2.0135629093443908,0.0,0.0,0.0,-0.06132531527430152,0.9981178315742624,-2.9406165003020845e-14,0.0,0.0,0.0,0.0,-7.437522819842002e-14,418.81,-7.03177570093462,1754048189.4595263,2.9350684819387123,-3.2367785098524244,0.0,1754048189.3843598,map,base_link,0.05286598205566406,124.31448984146118
1754048189.5189676,3.6722688098423877,-2.0135629093443908,0.0,0.0,0.0,-0.06132531527430152,0.9981178315742624,-2.9406165003020845e-14,0.0,0.0,0.0,0.0,-7.437522819842002e-14,418.81,-7.03177570093462,1754048189.4969022,2.9350684819387123,-3.2367785098524244,0.0,1754048189.4969022,map,base_link,0.047058820724487305,124.36154866218567
1754048189.5720131,3.6722688098423877,-2.0135629093443908,0.0,0.0,0.0,-0.06132531527430152,0.9981178315742624,-2.9406165003020845e-14,0.0,0.0,0.0,0.0,-7.437522819842002e-14,418.81,-7.03177570093462,1754048189.559152,2.9350684819387123,-3.2367785098524244,0.0,1754048189.559152,map,base_link,0.05304551124572754,124.4145941734314
1754048189.6249762,3.6722688098423877,-2.0135629093443908,0.0,0.0,0.0,-0.06132531527430152,0.9981178315742624,-2.9406165003020845e-14,0.0,0.0,0.0,0.0,-7.437522819842002e-14,418.81,-7.03177570093462,1754048189.5968838,2.9350684819387123,-3.2367785098524244,0.0,1754048189.5968838,map,base_link,0.0529630184173584,124.46755719184875
1754048189.6691864,3.6722688098423877,-2.0135629093443908,0.0,0.0,0.0,-0.06132531527430152,0.9981178315742624,-2.9406165003020845e-14,0.0,0.0,0.0,0.0,-7.437522819842002e-14,418.81,-7.03177570093462,1754048189.6591287,2.9350684819387123,-3.2367785098524253,0.0,1754048189.6591287,map,base_link,0.044210195541381836,124.51176738739014
1754048189.7232733,3.6722688098423877,-2.0135629093443908,0.0,0.0,0.0,-0.06132531527430152,0.9981178315742624,-2.9406165003020845e-14,0.0,0.0,0.0,0.0,-7.437522819842002e-14,418.81,-7.03177570093462,1754048189.6968186,2.9350684819387123,-3.2367785098524244,0.0,1754048189.6968186,map,base_link,0.054086923599243164,124.56585431098938
1754048189.769462,3.6722688098423877,-2.0135629093443908,0.0,0.0,0.0,-0.06132531527430152,0.9981178315742624,-2.9406165003020845e-14,0.0,0.0,0.0,0.0,-7.437522819842002e-14,418.81,-7.03177570093462,1754048189.7591999,2.9350684819387123,-3.2367785098524244,0.0,1754048189.7591999,map,base_link,0.0461888313293457,124.61204314231873
1754048189.8253024,3.6722688098423877,-2.0135629093443908,0.0,0.0,0.0,-0.06132531527430152,0.9981178315742624,-2.9406165003020845e-14,0.0,0.0,0.0,0.0,-7.437522819842002e-14,418.81,-7.03177570093462,1754048189.7967122,2.9350684819387123,-3.2367785098524244,0.0,1754048189.7967122,map,base_link,0.055840253829956055,124.66788339614868
